   0.249644E-05   0.118814E+00   0.663430E+10
   0.250306E-05   0.118850E+00   0.663129E+10
   0.251044E-05   0.118890E+00   0.662695E+10
   0.251784E-05   0.118930E+00   0.662267E+10
   0.252526E-05   0.118970E+00   0.661855E+10
   0.253270E-05   0.119011E+00   0.661441E+10
   0.254017E-05   0.119051E+00   0.661022E+10
   0.254766E-05   0.119092E+00   0.660602E+10
   0.255517E-05   0.119132E+00   0.660181E+10
   0.256271E-05   0.119173E+00   0.659760E+10
   0.257027E-05   0.119214E+00   0.659337E+10
   0.257785E-05   0.119255E+00   0.658914E+10
   0.258546E-05   0.119296E+00   0.658491E+10
   0.259309E-05   0.119337E+00   0.658066E+10
   0.260074E-05   0.119379E+00   0.657641E+10
   0.260842E-05   0.119420E+00   0.657214E+10
   0.261612E-05   0.119462E+00   0.656787E+10
   0.262385E-05   0.119503E+00   0.656360E+10
   0.263160E-05   0.119545E+00   0.655931E+10
   0.263937E-05   0.119587E+00   0.655502E+10
   0.264717E-05   0.119629E+00   0.655071E+10
   0.265499E-05   0.119671E+00   0.654641E+10
   0.266283E-05   0.119713E+00   0.654209E+10
   0.267070E-05   0.119756E+00   0.653776E+10
   0.267859E-05   0.119798E+00   0.653343E+10
   0.268651E-05   0.119841E+00   0.652909E+10
   0.269445E-05   0.119884E+00   0.652474E+10
   0.270242E-05   0.119927E+00   0.652038E+10
   0.271041E-05   0.119970E+00   0.651601E+10
   0.271843E-05   0.120013E+00   0.651164E+10
   0.272647E-05   0.120056E+00   0.650726E+10
   0.273454E-05   0.120099E+00   0.650287E+10
   0.274263E-05   0.120143E+00   0.649847E+10
   0.275074E-05   0.120186E+00   0.649406E+10
   0.275889E-05   0.120230E+00   0.648965E+10
   0.276705E-05   0.120274E+00   0.648523E+10
   0.277525E-05   0.120318E+00   0.648079E+10
   0.278346E-05   0.120362E+00   0.647636E+10
   0.279171E-05   0.120406E+00   0.647191E+10
   0.279997E-05   0.120450E+00   0.646745E+10
   0.280827E-05   0.120495E+00   0.646299E+10
   0.281659E-05   0.120539E+00   0.645852E+10
   0.282494E-05   0.120584E+00   0.645404E+10
   0.283331E-05   0.120629E+00   0.644955E+10
   0.284171E-05   0.120674E+00   0.644506E+10
   0.285013E-05   0.120719E+00   0.644056E+10
   0.285858E-05   0.120764E+00   0.643604E+10
   0.286706E-05   0.120809E+00   0.643153E+10
   0.287556E-05   0.120855E+00   0.642700E+10
   0.288409E-05   0.120900E+00   0.642246E+10
   0.289264E-05   0.120946E+00   0.641792E+10
   0.290123E-05   0.120992E+00   0.641337E+10
   0.290984E-05   0.121038E+00   0.640880E+10
   0.291847E-05   0.121084E+00   0.640424E+10
   0.292714E-05   0.121130E+00   0.639966E+10
   0.293583E-05   0.121177E+00   0.639507E+10
   0.294454E-05   0.121223E+00   0.639048E+10
   0.295329E-05   0.121270E+00   0.638588E+10
   0.296206E-05   0.121316E+00   0.638127E+10
   0.297086E-05   0.121363E+00   0.637665E+10
   0.297969E-05   0.121410E+00   0.637203E+10
   0.298854E-05   0.121457E+00   0.636739E+10
   0.299742E-05   0.121505E+00   0.636275E+10
   0.300633E-05   0.121552E+00   0.635810E+10
   0.301527E-05   0.121599E+00   0.635344E+10
   0.302424E-05   0.121647E+00   0.634878E+10
   0.303323E-05   0.121695E+00   0.634410E+10
   0.304225E-05   0.121743E+00   0.633942E+10
   0.305130E-05   0.121791E+00   0.633473E+10
   0.306038E-05   0.121839E+00   0.633003E+10
   0.306949E-05   0.121887E+00   0.632532E+10
   0.307862E-05   0.121936E+00   0.632061E+10
   0.308778E-05   0.121984E+00   0.631588E+10
   0.309698E-05   0.122033E+00   0.631115E+10
   0.310620E-05   0.122082E+00   0.630641E+10
   0.311545E-05   0.122131E+00   0.630166E+10
   0.312473E-05   0.122180E+00   0.629691E+10
   0.313404E-05   0.122229E+00   0.629214E+10
   0.314337E-05   0.122279E+00   0.628737E+10
   0.315274E-05   0.122328E+00   0.628259E+10
   0.316214E-05   0.122378E+00   0.627780E+10
   0.317156E-05   0.122428E+00   0.627300E+10
   0.318102E-05   0.122478E+00   0.626819E+10
   0.319050E-05   0.122528E+00   0.626338E+10
   0.320002E-05   0.122578E+00   0.625856E+10
   0.320956E-05   0.122628E+00   0.625373E+10
   0.321914E-05   0.122679E+00   0.624889E+10
   0.322874E-05   0.122730E+00   0.624404E+10
   0.323838E-05   0.122780E+00   0.623918E+10
   0.324804E-05   0.122831E+00   0.623432E+10
   0.325774E-05   0.122883E+00   0.622945E+10
   0.326746E-05   0.122934E+00   0.622457E+10
   0.327722E-05   0.122985E+00   0.621968E+10
   0.328701E-05   0.123037E+00   0.621478E+10
   0.329683E-05   0.123088E+00   0.620988E+10
   0.330668E-05   0.123140E+00   0.620497E+10
   0.331656E-05   0.123192E+00   0.620005E+10
   0.332647E-05   0.123244E+00   0.619512E+10
   0.333641E-05   0.123296E+00   0.619018E+10
   0.334639E-05   0.123349E+00   0.618523E+10
   0.335639E-05   0.123401E+00   0.618028E+10
   0.336643E-05   0.123454E+00   0.617532E+10
   0.337650E-05   0.123507E+00   0.617035E+10
   0.338660E-05   0.123560E+00   0.616537E+10
   0.339673E-05   0.123613E+00   0.616038E+10
   0.340690E-05   0.123666E+00   0.615539E+10
   0.341710E-05   0.123720E+00   0.615038E+10
   0.342733E-05   0.123773E+00   0.614537E+10
   0.343759E-05   0.123827E+00   0.614035E+10
   0.344788E-05   0.123881E+00   0.613532E+10
   0.345821E-05   0.123935E+00   0.613029E+10
   0.346857E-05   0.123989E+00   0.612524E+10
   0.347896E-05   0.124043E+00   0.612019E+10
   0.348939E-05   0.124098E+00   0.611513E+10
   0.349984E-05   0.124152E+00   0.611006E+10
   0.351034E-05   0.124207E+00   0.610498E+10
   0.352086E-05   0.124262E+00   0.609989E+10
   0.353142E-05   0.124317E+00   0.609480E+10
   0.354201E-05   0.124372E+00   0.608970E+10
   0.355264E-05   0.124428E+00   0.608459E+10
   0.356330E-05   0.124483E+00   0.607947E+10
   0.357399E-05   0.124539E+00   0.607434E+10
   0.358471E-05   0.124595E+00   0.606921E+10
   0.359548E-05   0.124651E+00   0.606406E+10
   0.360627E-05   0.124707E+00   0.605891E+10
   0.361710E-05   0.124763E+00   0.605375E+10
   0.362796E-05   0.124820E+00   0.604858E+10
   0.363886E-05   0.124876E+00   0.604341E+10
   0.364980E-05   0.124933E+00   0.603822E+10
   0.366076E-05   0.124990E+00   0.603303E+10
   0.367177E-05   0.125047E+00   0.602783E+10
   0.368281E-05   0.125104E+00   0.602262E+10
   0.369388E-05   0.125162E+00   0.601740E+10
   0.370499E-05   0.125219E+00   0.601218E+10
   0.371613E-05   0.125277E+00   0.600694E+10
   0.372731E-05   0.125335E+00   0.600170E+10
   0.373853E-05   0.125393E+00   0.599645E+10
   0.374978E-05   0.125451E+00   0.599119E+10
   0.376106E-05   0.125510E+00   0.598593E+10
   0.377239E-05   0.125568E+00   0.598065E+10
   0.378375E-05   0.125627E+00   0.597537E+10
   0.379514E-05   0.125686E+00   0.597008E+10
   0.380657E-05   0.125745E+00   0.596478E+10
   0.381804E-05   0.125804E+00   0.595947E+10
   0.382955E-05   0.125864E+00   0.595416E+10
   0.384109E-05   0.125923E+00   0.594883E+10
   0.385267E-05   0.125983E+00   0.594350E+10
   0.386428E-05   0.126043E+00   0.593816E+10
   0.387594E-05   0.126103E+00   0.593281E+10
   0.388763E-05   0.126163E+00   0.592746E+10
   0.389935E-05   0.126223E+00   0.592209E+10
   0.391112E-05   0.126284E+00   0.591672E+10
   0.392292E-05   0.126345E+00   0.591134E+10
   0.393476E-05   0.126406E+00   0.590595E+10
   0.394664E-05   0.126467E+00   0.590055E+10
   0.395856E-05   0.126528E+00   0.589515E+10
   0.397051E-05   0.126589E+00   0.588973E+10
   0.398251E-05   0.126651E+00   0.588431E+10
   0.399454E-05   0.126713E+00   0.587888E+10
   0.400661E-05   0.126775E+00   0.587344E+10
   0.401872E-05   0.126837E+00   0.586800E+10
   0.403087E-05   0.126899E+00   0.586254E+10
   0.404306E-05   0.126961E+00   0.585708E+10
   0.405529E-05   0.127024E+00   0.585161E+10
   0.406755E-05   0.127087E+00   0.584613E+10
   0.407986E-05   0.127150E+00   0.584065E+10
   0.409220E-05   0.127213E+00   0.583515E+10
   0.410459E-05   0.127276E+00   0.582965E+10
   0.411701E-05   0.127340E+00   0.582414E+10
   0.412948E-05   0.127403E+00   0.581862E+10
   0.414198E-05   0.127467E+00   0.581309E+10
   0.415453E-05   0.127531E+00   0.580756E+10
   0.416712E-05   0.127595E+00   0.580202E+10
   0.417974E-05   0.127660E+00   0.579646E+10
   0.419241E-05   0.127724E+00   0.579091E+10
   0.420512E-05   0.127789E+00   0.578534E+10
   0.421787E-05   0.127854E+00   0.577976E+10
   0.423066E-05   0.127919E+00   0.577418E+10
   0.424349E-05   0.127984E+00   0.576859E+10
   0.425637E-05   0.128050E+00   0.576299E+10
   0.426928E-05   0.128116E+00   0.575738E+10
   0.428224E-05   0.128181E+00   0.575177E+10
   0.429524E-05   0.128247E+00   0.574614E+10
   0.430828E-05   0.128314E+00   0.574051E+10
   0.432136E-05   0.128380E+00   0.573487E+10
   0.433449E-05   0.128447E+00   0.572923E+10
   0.434766E-05   0.128513E+00   0.572357E+10
   0.436087E-05   0.128580E+00   0.571791E+10
   0.437412E-05   0.128647E+00   0.571224E+10
   0.438742E-05   0.128715E+00   0.570656E+10
   0.440076E-05   0.128782E+00   0.570087E+10
   0.441414E-05   0.128850E+00   0.569518E+10
   0.442757E-05   0.128918E+00   0.568947E+10
   0.444104E-05   0.128986E+00   0.568376E+10
   0.445456E-05   0.129054E+00   0.567805E+10
   0.446812E-05   0.129123E+00   0.567232E+10
   0.448172E-05   0.129191E+00   0.566658E+10
   0.449536E-05   0.129260E+00   0.566084E+10
   0.450906E-05   0.129329E+00   0.565509E+10
   0.452279E-05   0.129398E+00   0.564933E+10
   0.453657E-05   0.129468E+00   0.564357E+10
   0.455040E-05   0.129537E+00   0.563779E+10
   0.456427E-05   0.129607E+00   0.563201E+10
   0.457818E-05   0.129677E+00   0.562622E+10
   0.459215E-05   0.129747E+00   0.562043E+10
   0.460615E-05   0.129818E+00   0.561462E+10
   0.462021E-05   0.129888E+00   0.560881E+10
   0.463430E-05   0.129959E+00   0.560299E+10
   0.464845E-05   0.130030E+00   0.559716E+10
   0.466264E-05   0.130101E+00   0.559132E+10
   0.467688E-05   0.130173E+00   0.558548E+10
   0.469116E-05   0.130244E+00   0.557963E+10
   0.470549E-05   0.130316E+00   0.557377E+10
   0.471987E-05   0.130388E+00   0.556790E+10
   0.473429E-05   0.130460E+00   0.556203E+10
   0.474876E-05   0.130533E+00   0.555614E+10
   0.476328E-05   0.130605E+00   0.555025E+10
   0.477785E-05   0.130678E+00   0.554435E+10
   0.479246E-05   0.130751E+00   0.553845E+10
   0.480713E-05   0.130824E+00   0.553253E+10
   0.482184E-05   0.130898E+00   0.552661E+10
   0.483659E-05   0.130971E+00   0.552068E+10
   0.485140E-05   0.131045E+00   0.551475E+10
   0.486626E-05   0.131119E+00   0.550880E+10
   0.488116E-05   0.131193E+00   0.550285E+10
   0.489612E-05   0.131268E+00   0.549689E+10
   0.491112E-05   0.131342E+00   0.549092E+10
   0.492617E-05   0.131417E+00   0.548495E+10
   0.494127E-05   0.131492E+00   0.547897E+10
   0.495642E-05   0.131568E+00   0.547298E+10
   0.497162E-05   0.131643E+00   0.546698E+10
   0.498688E-05   0.131719E+00   0.546098E+10
   0.500218E-05   0.131795E+00   0.545496E+10
   0.501753E-05   0.131871E+00   0.544894E+10
   0.503293E-05   0.131947E+00   0.544291E+10
   0.504838E-05   0.132024E+00   0.543688E+10
   0.506389E-05   0.132100E+00   0.543084E+10
   0.507944E-05   0.132177E+00   0.542479E+10
   0.509505E-05   0.132255E+00   0.541873E+10
   0.511071E-05   0.132332E+00   0.541266E+10
   0.512642E-05   0.132410E+00   0.540659E+10
   0.514218E-05   0.132487E+00   0.540051E+10
   0.515800E-05   0.132565E+00   0.539442E+10
   0.517386E-05   0.132644E+00   0.538833E+10
   0.518978E-05   0.132722E+00   0.538223E+10
   0.520575E-05   0.132801E+00   0.537612E+10
   0.522178E-05   0.132880E+00   0.537000E+10
   0.523786E-05   0.132959E+00   0.536388E+10
   0.525399E-05   0.133038E+00   0.535774E+10
   0.527017E-05   0.133118E+00   0.535160E+10
   0.528641E-05   0.133198E+00   0.534546E+10
   0.530270E-05   0.133278E+00   0.533930E+10
   0.531905E-05   0.133358E+00   0.533314E+10
   0.533545E-05   0.133439E+00   0.532697E+10
   0.535191E-05   0.133519E+00   0.532080E+10
   0.536841E-05   0.133600E+00   0.531462E+10
   0.538498E-05   0.133681E+00   0.530843E+10
   0.540160E-05   0.133763E+00   0.530223E+10
   0.541827E-05   0.133844E+00   0.529602E+10
   0.543500E-05   0.133926E+00   0.528981E+10
   0.545179E-05   0.134008E+00   0.528359E+10
   0.546863E-05   0.134091E+00   0.527737E+10
   0.548553E-05   0.134173E+00   0.527113E+10
   0.550249E-05   0.134256E+00   0.526489E+10
   0.551950E-05   0.134339E+00   0.525864E+10
   0.553657E-05   0.134422E+00   0.525239E+10
   0.555369E-05   0.134506E+00   0.524613E+10
   0.557087E-05   0.134589E+00   0.523986E+10
   0.558811E-05   0.134673E+00   0.523358E+10
   0.560541E-05   0.134757E+00   0.522730E+10
   0.562276E-05   0.134842E+00   0.522101E+10
   0.564018E-05   0.134927E+00   0.521471E+10
   0.565765E-05   0.135011E+00   0.520841E+10
   0.567518E-05   0.135097E+00   0.520210E+10
   0.569277E-05   0.135182E+00   0.519578E+10
   0.571041E-05   0.135267E+00   0.518945E+10
   0.572812E-05   0.135353E+00   0.518312E+10
   0.574588E-05   0.135439E+00   0.517678E+10
   0.576371E-05   0.135526E+00   0.517044E+10
   0.578159E-05   0.135612E+00   0.516408E+10
   0.579954E-05   0.135699E+00   0.515772E+10
   0.581755E-05   0.135786E+00   0.515136E+10
   0.583561E-05   0.135873E+00   0.514498E+10
   0.585374E-05   0.135961E+00   0.513860E+10
   0.587193E-05   0.136049E+00   0.513222E+10
   0.589017E-05   0.136137E+00   0.512582E+10
   0.590848E-05   0.136225E+00   0.511942E+10
   0.592686E-05   0.136314E+00   0.511302E+10
   0.594529E-05   0.136402E+00   0.510660E+10
   0.596378E-05   0.136491E+00   0.510018E+10
   0.598234E-05   0.136581E+00   0.509375E+10
   0.600096E-05   0.136670E+00   0.508732E+10
   0.601965E-05   0.136760E+00   0.508088E+10
   0.603839E-05   0.136850E+00   0.507443E+10
   0.605720E-05   0.136940E+00   0.506798E+10
   0.607607E-05   0.137031E+00   0.506151E+10
   0.609501E-05   0.137121E+00   0.505505E+10
   0.611401E-05   0.137212E+00   0.504857E+10
   0.613308E-05   0.137304E+00   0.504209E+10
   0.615221E-05   0.137395E+00   0.503560E+10
   0.617140E-05   0.137487E+00   0.502911E+10
   0.619066E-05   0.137579E+00   0.502261E+10
   0.620998E-05   0.137671E+00   0.501610E+10
   0.622937E-05   0.137764E+00   0.500959E+10
   0.624883E-05   0.137857E+00   0.500307E+10
   0.626835E-05   0.137950E+00   0.499655E+10
   0.628794E-05   0.138043E+00   0.499001E+10
   0.630759E-05   0.138137E+00   0.498347E+10
   0.632731E-05   0.138231E+00   0.497693E+10
   0.634710E-05   0.138325E+00   0.497038E+10
   0.636696E-05   0.138419E+00   0.496382E+10
   0.638688E-05   0.138514E+00   0.495725E+10
   0.640687E-05   0.138609E+00   0.495068E+10
   0.642693E-05   0.138704E+00   0.494410E+10
   0.644705E-05   0.138800E+00   0.493752E+10
   0.646725E-05   0.138895E+00   0.493093E+10
   0.648751E-05   0.138991E+00   0.492434E+10
   0.650784E-05   0.139088E+00   0.491774E+10
   0.652825E-05   0.139184E+00   0.491113E+10
   0.654872E-05   0.139281E+00   0.490452E+10
   0.656926E-05   0.139378E+00   0.489790E+10
   0.658987E-05   0.139475E+00   0.489127E+10
   0.661055E-05   0.139573E+00   0.488464E+10
   0.663131E-05   0.139671E+00   0.487800E+10
   0.665213E-05   0.139769E+00   0.487136E+10
   0.667302E-05   0.139868E+00   0.486470E+10
   0.669399E-05   0.139966E+00   0.485804E+10
   0.671503E-05   0.140065E+00   0.485138E+10
   0.673614E-05   0.140165E+00   0.484470E+10
   0.675732E-05   0.140264E+00   0.483803E+10
   0.677857E-05   0.140364E+00   0.483135E+10
   0.679990E-05   0.140464E+00   0.482466E+10
   0.682130E-05   0.140565E+00   0.481797E+10
   0.684278E-05   0.140665E+00   0.481128E+10
   0.686432E-05   0.140766E+00   0.480458E+10
   0.688595E-05   0.140867E+00   0.479788E+10
   0.690764E-05   0.140969E+00   0.479118E+10
   0.692941E-05   0.141071E+00   0.478446E+10
   0.695126E-05   0.141173E+00   0.477774E+10
   0.697318E-05   0.141275E+00   0.477101E+10
   0.699518E-05   0.141378E+00   0.476426E+10
   0.701725E-05   0.141481E+00   0.475751E+10
   0.703940E-05   0.141584E+00   0.475074E+10
   0.706162E-05   0.141688E+00   0.474397E+10
   0.708392E-05   0.141792E+00   0.473719E+10
   0.710630E-05   0.141896E+00   0.473040E+10
   0.712875E-05   0.142000E+00   0.472361E+10
   0.715128E-05   0.142105E+00   0.471683E+10
   0.717389E-05   0.142210E+00   0.471005E+10
   0.719658E-05   0.142315E+00   0.470327E+10
   0.721935E-05   0.142421E+00   0.469650E+10
   0.724219E-05   0.142527E+00   0.468974E+10
   0.726512E-05   0.142633E+00   0.468298E+10
   0.728812E-05   0.142740E+00   0.467622E+10
   0.731120E-05   0.142846E+00   0.466945E+10
   0.733437E-05   0.142953E+00   0.466267E+10
   0.735761E-05   0.143061E+00   0.465587E+10
   0.738094E-05   0.143169E+00   0.464904E+10
   0.740434E-05   0.143277E+00   0.464218E+10
   0.742783E-05   0.143385E+00   0.463529E+10
   0.745140E-05   0.143493E+00   0.462837E+10
   0.747505E-05   0.143602E+00   0.462141E+10
   0.749878E-05   0.143712E+00   0.461445E+10
   0.752259E-05   0.143821E+00   0.460747E+10
   0.754649E-05   0.143931E+00   0.460050E+10
   0.757047E-05   0.144041E+00   0.459355E+10
   0.759453E-05   0.144152E+00   0.458663E+10
   0.761868E-05   0.144262E+00   0.457975E+10
   0.764291E-05   0.144373E+00   0.457293E+10
   0.766722E-05   0.144485E+00   0.456616E+10
   0.769162E-05   0.144597E+00   0.455944E+10
   0.771611E-05   0.144709E+00   0.455276E+10
   0.774068E-05   0.144821E+00   0.454610E+10
   0.776534E-05   0.144934E+00   0.453945E+10
   0.779008E-05   0.145047E+00   0.453277E+10
   0.781491E-05   0.145160E+00   0.452605E+10
   0.783983E-05   0.145274E+00   0.451924E+10
   0.786483E-05   0.145387E+00   0.451233E+10
   0.788993E-05   0.145502E+00   0.450530E+10
   0.791511E-05   0.145616E+00   0.449815E+10
   0.794038E-05   0.145731E+00   0.449087E+10
   0.796574E-05   0.145846E+00   0.448348E+10
   0.799118E-05   0.145962E+00   0.447601E+10
   0.801672E-05   0.146078E+00   0.446848E+10
   0.804234E-05   0.146194E+00   0.446095E+10
   0.806806E-05   0.146311E+00   0.445347E+10
   0.809386E-05   0.146427E+00   0.444608E+10
   0.811975E-05   0.146545E+00   0.443883E+10
   0.814573E-05   0.146662E+00   0.443178E+10
   0.817180E-05   0.146780E+00   0.442494E+10
   0.819796E-05   0.146898E+00   0.441834E+10
   0.822422E-05   0.147016E+00   0.441197E+10
   0.825056E-05   0.147135E+00   0.440582E+10
   0.827700E-05   0.147254E+00   0.439984E+10
   0.830353E-05   0.147374E+00   0.439398E+10
   0.833016E-05   0.147494E+00   0.438816E+10
   0.835688E-05   0.147614E+00   0.438232E+10
   0.838370E-05   0.147734E+00   0.437635E+10
   0.841062E-05   0.147855E+00   0.437019E+10
   0.843763E-05   0.147977E+00   0.436374E+10
   0.846474E-05   0.148098E+00   0.435696E+10
   0.849196E-05   0.148220E+00   0.434978E+10
   0.851927E-05   0.148343E+00   0.434218E+10
   0.854669E-05   0.148466E+00   0.433416E+10
   0.857421E-05   0.148589E+00   0.432573E+10
   0.860183E-05   0.148712E+00   0.431693E+10
   0.862955E-05   0.148836E+00   0.430782E+10
   0.865737E-05   0.148960E+00   0.429848E+10
   0.868530E-05   0.149084E+00   0.428899E+10
   0.871333E-05   0.149209E+00   0.427946E+10
   0.874146E-05   0.149334E+00   0.426997E+10
   0.876969E-05   0.149460E+00   0.426063E+10
   0.879802E-05   0.149586E+00   0.425151E+10
   0.882645E-05   0.149712E+00   0.424269E+10
   0.885499E-05   0.149838E+00   0.423422E+10
   0.888363E-05   0.149965E+00   0.422612E+10
   0.891237E-05   0.150092E+00   0.421841E+10
   0.894121E-05   0.150220E+00   0.421107E+10
   0.897015E-05   0.150347E+00   0.420407E+10
   0.899920E-05   0.150476E+00   0.419735E+10
   0.902835E-05   0.150604E+00   0.419085E+10
   0.905760E-05   0.150733E+00   0.418449E+10
   0.908695E-05   0.150862E+00   0.417822E+10
   0.911642E-05   0.150992E+00   0.417195E+10
   0.914598E-05   0.151122E+00   0.416561E+10
   0.917565E-05   0.151253E+00   0.415917E+10
   0.920543E-05   0.151383E+00   0.415258E+10
   0.923532E-05   0.151515E+00   0.414581E+10
   0.926531E-05   0.151646E+00   0.413887E+10
   0.929541E-05   0.151778E+00   0.413175E+10
   0.932562E-05   0.151911E+00   0.412446E+10
   0.935594E-05   0.152043E+00   0.411705E+10
   0.938637E-05   0.152176E+00   0.410955E+10
   0.941690E-05   0.152310E+00   0.410199E+10
   0.944755E-05   0.152444E+00   0.409441E+10
   0.947831E-05   0.152578E+00   0.408684E+10
   0.950917E-05   0.152712E+00   0.407933E+10
   0.954015E-05   0.152847E+00   0.407189E+10
   0.957124E-05   0.152983E+00   0.406454E+10
   0.960244E-05   0.153118E+00   0.405728E+10
   0.963376E-05   0.153254E+00   0.405011E+10
   0.966518E-05   0.153391E+00   0.404303E+10
   0.969672E-05   0.153528E+00   0.403601E+10
   0.972838E-05   0.153665E+00   0.402904E+10
   0.976015E-05   0.153803E+00   0.402210E+10
   0.979203E-05   0.153941E+00   0.401516E+10
   0.982403E-05   0.154079E+00   0.400821E+10
   0.985614E-05   0.154218E+00   0.400122E+10
   0.988837E-05   0.154357E+00   0.399418E+10
   0.992072E-05   0.154497E+00   0.398709E+10
   0.995318E-05   0.154637E+00   0.397994E+10
   0.998576E-05   0.154777E+00   0.397273E+10
   0.100185E-04   0.154918E+00   0.396548E+10
   0.100513E-04   0.155059E+00   0.395818E+10
   0.100842E-04   0.155201E+00   0.395085E+10
   0.101173E-04   0.155343E+00   0.394351E+10
   0.101505E-04   0.155485E+00   0.393617E+10
   0.101838E-04   0.155628E+00   0.392883E+10
   0.102172E-04   0.155771E+00   0.392152E+10
   0.102507E-04   0.155915E+00   0.391423E+10
   0.102844E-04   0.156059E+00   0.390697E+10
   0.103182E-04   0.156203E+00   0.389974E+10
   0.103521E-04   0.156348E+00   0.389254E+10
   0.103861E-04   0.156493E+00   0.388537E+10
   0.104203E-04   0.156639E+00   0.387821E+10
   0.104545E-04   0.156785E+00   0.387107E+10
   0.104890E-04   0.156931E+00   0.386394E+10
   0.105235E-04   0.157078E+00   0.385680E+10
   0.105581E-04   0.157226E+00   0.384965E+10
   0.105929E-04   0.157373E+00   0.384249E+10
   0.106278E-04   0.157522E+00   0.383531E+10
   0.106629E-04   0.157670E+00   0.382811E+10
   0.106980E-04   0.157819E+00   0.382088E+10
   0.107333E-04   0.157969E+00   0.381365E+10
   0.107688E-04   0.158118E+00   0.380639E+10
   0.108043E-04   0.158269E+00   0.379912E+10
   0.108400E-04   0.158419E+00   0.379185E+10
   0.108758E-04   0.158570E+00   0.378457E+10
   0.109118E-04   0.158722E+00   0.377729E+10
   0.109479E-04   0.158874E+00   0.377002E+10
   0.109841E-04   0.159026E+00   0.376276E+10
   0.110204E-04   0.159179E+00   0.375550E+10
   0.110569E-04   0.159333E+00   0.374826E+10
   0.110935E-04   0.159486E+00   0.374102E+10
   0.111303E-04   0.159640E+00   0.373380E+10
   0.111672E-04   0.159795E+00   0.372658E+10
   0.112042E-04   0.159950E+00   0.371937E+10
   0.112413E-04   0.160106E+00   0.371216E+10
   0.112786E-04   0.160261E+00   0.370495E+10
   0.113161E-04   0.160418E+00   0.369774E+10
   0.113536E-04   0.160575E+00   0.369052E+10
   0.113913E-04   0.160732E+00   0.368330E+10
   0.114292E-04   0.160890E+00   0.367608E+10
   0.114672E-04   0.161048E+00   0.366884E+10
   0.115053E-04   0.161206E+00   0.366160E+10
   0.115436E-04   0.161365E+00   0.365435E+10
   0.115820E-04   0.161525E+00   0.364710E+10
   0.116206E-04   0.161685E+00   0.363985E+10
   0.116593E-04   0.161845E+00   0.363259E+10
   0.116981E-04   0.162006E+00   0.362534E+10
   0.117371E-04   0.162168E+00   0.361809E+10
   0.117762E-04   0.162329E+00   0.361084E+10
   0.118155E-04   0.162492E+00   0.360359E+10
   0.118549E-04   0.162654E+00   0.359635E+10
   0.118945E-04   0.162817E+00   0.358911E+10
   0.119342E-04   0.162981E+00   0.358187E+10
   0.119741E-04   0.163145E+00   0.357464E+10
   0.120141E-04   0.163310E+00   0.356741E+10
   0.120542E-04   0.163475E+00   0.356018E+10
   0.120945E-04   0.163640E+00   0.355296E+10
   0.121350E-04   0.163806E+00   0.354573E+10
   0.121756E-04   0.163973E+00   0.353851E+10
   0.122164E-04   0.164140E+00   0.353128E+10
   0.122573E-04   0.164307E+00   0.352405E+10
   0.122984E-04   0.164475E+00   0.351682E+10
   0.123396E-04   0.164643E+00   0.350959E+10
   0.123810E-04   0.164812E+00   0.350235E+10
   0.124225E-04   0.164982E+00   0.349512E+10
   0.124642E-04   0.165151E+00   0.348789E+10
   0.125060E-04   0.165322E+00   0.348065E+10
   0.125480E-04   0.165492E+00   0.347342E+10
   0.125902E-04   0.165664E+00   0.346619E+10
   0.126325E-04   0.165836E+00   0.345896E+10
   0.126750E-04   0.166008E+00   0.345173E+10
   0.127176E-04   0.166181E+00   0.344451E+10
   0.127604E-04   0.166354E+00   0.343728E+10
   0.128034E-04   0.166527E+00   0.343006E+10
   0.128465E-04   0.166702E+00   0.342284E+10
   0.128898E-04   0.166876E+00   0.341563E+10
   0.129332E-04   0.167052E+00   0.340842E+10
   0.129768E-04   0.167227E+00   0.340120E+10
   0.130206E-04   0.167404E+00   0.339399E+10
   0.130645E-04   0.167580E+00   0.338679E+10
   0.131086E-04   0.167758E+00   0.337958E+10
   0.131529E-04   0.167935E+00   0.337237E+10
   0.131973E-04   0.168114E+00   0.336516E+10
   0.132419E-04   0.168292E+00   0.335796E+10
   0.132867E-04   0.168472E+00   0.335075E+10
   0.133316E-04   0.168651E+00   0.334355E+10
   0.133767E-04   0.168832E+00   0.333635E+10
   0.134220E-04   0.169013E+00   0.332915E+10
   0.134675E-04   0.169194E+00   0.332195E+10
   0.135131E-04   0.169376E+00   0.331475E+10
   0.135589E-04   0.169558E+00   0.330755E+10
   0.136049E-04   0.169741E+00   0.330036E+10
   0.136510E-04   0.169924E+00   0.329317E+10
   0.136973E-04   0.170108E+00   0.328599E+10
   0.137438E-04   0.170293E+00   0.327880E+10
   0.137905E-04   0.170478E+00   0.327162E+10
   0.138374E-04   0.170663E+00   0.326445E+10
   0.138844E-04   0.170850E+00   0.325727E+10
   0.139316E-04   0.171036E+00   0.325010E+10
   0.139790E-04   0.171223E+00   0.324293E+10
   0.140266E-04   0.171411E+00   0.323576E+10
   0.140743E-04   0.171599E+00   0.322860E+10
   0.141222E-04   0.171788E+00   0.322143E+10
   0.141703E-04   0.171977E+00   0.321427E+10
   0.142186E-04   0.172167E+00   0.320711E+10
   0.142671E-04   0.172357E+00   0.319995E+10
   0.143158E-04   0.172548E+00   0.319279E+10
   0.143646E-04   0.172740E+00   0.318563E+10
   0.144137E-04   0.172932E+00   0.317848E+10
   0.144629E-04   0.173124E+00   0.317133E+10
   0.145123E-04   0.173318E+00   0.316418E+10
   0.145619E-04   0.173511E+00   0.315704E+10
   0.146117E-04   0.173706E+00   0.314990E+10
   0.146617E-04   0.173900E+00   0.314277E+10
   0.147119E-04   0.174096E+00   0.313564E+10
   0.147623E-04   0.174292E+00   0.312852E+10
   0.148128E-04   0.174488E+00   0.312141E+10
   0.148636E-04   0.174685E+00   0.311429E+10
   0.149145E-04   0.174883E+00   0.310718E+10
   0.149657E-04   0.175081E+00   0.310008E+10
   0.150170E-04   0.175280E+00   0.309297E+10
   0.150686E-04   0.175479E+00   0.308587E+10
   0.151203E-04   0.175679E+00   0.307877E+10
   0.151723E-04   0.175879E+00   0.307166E+10
   0.152244E-04   0.176080E+00   0.306456E+10
   0.152767E-04   0.176282E+00   0.305746E+10
   0.153293E-04   0.176484E+00   0.305035E+10
   0.153820E-04   0.176687E+00   0.304325E+10
   0.154350E-04   0.176890E+00   0.303615E+10
   0.154881E-04   0.177094E+00   0.302905E+10
   0.155415E-04   0.177299E+00   0.302196E+10
   0.155951E-04   0.177504E+00   0.301487E+10
   0.156488E-04   0.177710E+00   0.300780E+10
   0.157028E-04   0.177916E+00   0.300073E+10
   0.157570E-04   0.178123E+00   0.299367E+10
   0.158114E-04   0.178331E+00   0.298662E+10
   0.158660E-04   0.178539E+00   0.297959E+10
   0.159208E-04   0.178747E+00   0.297256E+10
   0.159759E-04   0.178957E+00   0.296554E+10
   0.160311E-04   0.179167E+00   0.295853E+10
   0.160866E-04   0.179377E+00   0.295153E+10
   0.161423E-04   0.179588E+00   0.294453E+10
   0.161981E-04   0.179800E+00   0.293754E+10
   0.162543E-04   0.180012E+00   0.293054E+10
   0.163106E-04   0.180225E+00   0.292354E+10
   0.163671E-04   0.180439E+00   0.291654E+10
   0.164239E-04   0.180653E+00   0.290954E+10
   0.164809E-04   0.180868E+00   0.290252E+10
   0.165381E-04   0.181083E+00   0.289551E+10
   0.165956E-04   0.181299E+00   0.288849E+10
   0.166532E-04   0.181516E+00   0.288146E+10
   0.167111E-04   0.181733E+00   0.287444E+10
   0.167692E-04   0.181951E+00   0.286741E+10
   0.168275E-04   0.182170E+00   0.286038E+10
   0.168861E-04   0.182389E+00   0.285336E+10
   0.169449E-04   0.182609E+00   0.284635E+10
   0.170039E-04   0.182829E+00   0.283934E+10
   0.170632E-04   0.183051E+00   0.283234E+10
   0.171227E-04   0.183272E+00   0.282536E+10
   0.171824E-04   0.183495E+00   0.281838E+10
   0.172424E-04   0.183718E+00   0.281142E+10
   0.173026E-04   0.183941E+00   0.280447E+10
   0.173630E-04   0.184166E+00   0.279754E+10
   0.174236E-04   0.184391E+00   0.279062E+10
   0.174845E-04   0.184616E+00   0.278370E+10
   0.175457E-04   0.184842E+00   0.277680E+10
   0.176071E-04   0.185069E+00   0.276990E+10
   0.176687E-04   0.185297E+00   0.276301E+10
   0.177306E-04   0.185525E+00   0.275613E+10
   0.177927E-04   0.185754E+00   0.274925E+10
   0.178550E-04   0.185984E+00   0.274237E+10
   0.179176E-04   0.186214E+00   0.273549E+10
   0.179805E-04   0.186445E+00   0.272861E+10
   0.180436E-04   0.186676E+00   0.272173E+10
   0.181069E-04   0.186909E+00   0.271486E+10
   0.181705E-04   0.187142E+00   0.270799E+10
   0.182343E-04   0.187375E+00   0.270111E+10
   0.182984E-04   0.187609E+00   0.269425E+10
   0.183628E-04   0.187844E+00   0.268738E+10
   0.184274E-04   0.188080E+00   0.268053E+10
   0.184922E-04   0.188316E+00   0.267368E+10
   0.185574E-04   0.188553E+00   0.266683E+10
   0.186227E-04   0.188791E+00   0.266000E+10
   0.186884E-04   0.189029E+00   0.265317E+10
   0.187543E-04   0.189268E+00   0.264635E+10
   0.188204E-04   0.189508E+00   0.263955E+10
   0.188868E-04   0.189749E+00   0.263274E+10
   0.189535E-04   0.189990E+00   0.262595E+10
   0.190204E-04   0.190232E+00   0.261917E+10
   0.190877E-04   0.190474E+00   0.261239E+10
   0.191551E-04   0.190718E+00   0.260562E+10
   0.192229E-04   0.190961E+00   0.259885E+10
   0.192909E-04   0.191206E+00   0.259209E+10
   0.193592E-04   0.191452E+00   0.258534E+10
   0.194277E-04   0.191698E+00   0.257859E+10
   0.194966E-04   0.191945E+00   0.257185E+10
   0.195657E-04   0.192192E+00   0.256511E+10
   0.196350E-04   0.192440E+00   0.255837E+10
   0.197047E-04   0.192689E+00   0.255164E+10
   0.197746E-04   0.192939E+00   0.254492E+10
   0.198448E-04   0.193189E+00   0.253820E+10
   0.199153E-04   0.193441E+00   0.253149E+10
   0.199861E-04   0.193693E+00   0.252479E+10
   0.200572E-04   0.193945E+00   0.251809E+10
   0.201285E-04   0.194199E+00   0.251140E+10
   0.202001E-04   0.194453E+00   0.250472E+10
   0.202720E-04   0.194708E+00   0.249805E+10
   0.203442E-04   0.194963E+00   0.249138E+10
   0.204167E-04   0.195219E+00   0.248472E+10
   0.204895E-04   0.195477E+00   0.247807E+10
   0.205626E-04   0.195734E+00   0.247143E+10
   0.206360E-04   0.195993E+00   0.246479E+10
   0.207096E-04   0.196252E+00   0.245817E+10
   0.207836E-04   0.196512E+00   0.245155E+10
   0.208578E-04   0.196773E+00   0.244493E+10
   0.209324E-04   0.197035E+00   0.243833E+10
   0.210072E-04   0.197297E+00   0.243173E+10
   0.210824E-04   0.197560E+00   0.242513E+10
   0.211578E-04   0.197824E+00   0.241855E+10
   0.212336E-04   0.198089E+00   0.241197E+10
   0.213096E-04   0.198354E+00   0.240540E+10
   0.213860E-04   0.198621E+00   0.239883E+10
   0.214627E-04   0.198888E+00   0.239227E+10
   0.215397E-04   0.199156E+00   0.238572E+10
   0.216170E-04   0.199424E+00   0.237918E+10
   0.216946E-04   0.199694E+00   0.237264E+10
   0.217725E-04   0.199964E+00   0.236612E+10
   0.218507E-04   0.200235E+00   0.235960E+10
   0.219293E-04   0.200506E+00   0.235309E+10
   0.220081E-04   0.200779E+00   0.234658E+10
   0.220873E-04   0.201052E+00   0.234009E+10
   0.221668E-04   0.201326E+00   0.233360E+10
   0.222466E-04   0.201601E+00   0.232712E+10
   0.223268E-04   0.201877E+00   0.232065E+10
   0.224073E-04   0.202154E+00   0.231419E+10
   0.224881E-04   0.202431E+00   0.230774E+10
   0.225692E-04   0.202709E+00   0.230129E+10
   0.226506E-04   0.202988E+00   0.229485E+10
   0.227324E-04   0.203268E+00   0.228842E+10
   0.228146E-04   0.203549E+00   0.228200E+10
   0.228970E-04   0.203830E+00   0.227558E+10
   0.229798E-04   0.204112E+00   0.226918E+10
   0.230629E-04   0.204395E+00   0.226278E+10
   0.231464E-04   0.204679E+00   0.225639E+10
   0.232302E-04   0.204964E+00   0.225001E+10
   0.233143E-04   0.205250E+00   0.224363E+10
   0.233988E-04   0.205536E+00   0.223727E+10
   0.234836E-04   0.205823E+00   0.223091E+10
   0.235688E-04   0.206112E+00   0.222456E+10
   0.236543E-04   0.206400E+00   0.221823E+10
   0.237402E-04   0.206690E+00   0.221189E+10
   0.238264E-04   0.206981E+00   0.220557E+10
   0.239130E-04   0.207273E+00   0.219926E+10
   0.239999E-04   0.207565E+00   0.219295E+10
   0.240872E-04   0.207858E+00   0.218666E+10
   0.241748E-04   0.208152E+00   0.218037E+10
   0.242628E-04   0.208447E+00   0.217409E+10
   0.243511E-04   0.208743E+00   0.216782E+10
   0.244398E-04   0.209040E+00   0.216156E+10
   0.245289E-04   0.209337E+00   0.215531E+10
   0.246184E-04   0.209636E+00   0.214907E+10
   0.247082E-04   0.209935E+00   0.214283E+10
   0.247983E-04   0.210235E+00   0.213661E+10
   0.248889E-04   0.210537E+00   0.213039E+10
   0.249798E-04   0.210839E+00   0.212419E+10
   0.250711E-04   0.211141E+00   0.211799E+10
   0.251627E-04   0.211445E+00   0.211180E+10
   0.252548E-04   0.211750E+00   0.210562E+10
   0.253472E-04   0.212055E+00   0.209945E+10
   0.254400E-04   0.212362E+00   0.209328E+10
   0.255331E-04   0.212669E+00   0.208713E+10
   0.256267E-04   0.212978E+00   0.208099E+10
   0.257206E-04   0.213287E+00   0.207485E+10
   0.258150E-04   0.213597E+00   0.206873E+10
   0.259097E-04   0.213908E+00   0.206261E+10
   0.260048E-04   0.214220E+00   0.205651E+10
   0.261003E-04   0.214533E+00   0.205041E+10
   0.261962E-04   0.214847E+00   0.204432E+10
   0.262924E-04   0.215161E+00   0.203824E+10
   0.263891E-04   0.215477E+00   0.203218E+10
   0.264862E-04   0.215793E+00   0.202612E+10
   0.265837E-04   0.216111E+00   0.202007E+10
   0.266815E-04   0.216429E+00   0.201403E+10
   0.267798E-04   0.216749E+00   0.200800E+10
   0.268785E-04   0.217069E+00   0.200198E+10
   0.269776E-04   0.217390E+00   0.199597E+10
   0.270771E-04   0.217713E+00   0.198997E+10
   0.271770E-04   0.218036E+00   0.198397E+10
   0.272774E-04   0.218360E+00   0.197799E+10
   0.273781E-04   0.218685E+00   0.197202E+10
   0.274793E-04   0.219011E+00   0.196606E+10
   0.275809E-04   0.219338E+00   0.196011E+10
   0.276829E-04   0.219666E+00   0.195416E+10
   0.277853E-04   0.219995E+00   0.194823E+10
   0.278881E-04   0.220325E+00   0.194231E+10
   0.279914E-04   0.220656E+00   0.193639E+10
   0.280951E-04   0.220988E+00   0.193049E+10
   0.281992E-04   0.221321E+00   0.192460E+10
   0.283038E-04   0.221655E+00   0.191872E+10
   0.284088E-04   0.221990E+00   0.191284E+10
   0.285142E-04   0.222326E+00   0.190698E+10
   0.286201E-04   0.222663E+00   0.190113E+10
   0.287264E-04   0.223000E+00   0.189528E+10
   0.288331E-04   0.223339E+00   0.188945E+10
   0.289403E-04   0.223679E+00   0.188363E+10
   0.290480E-04   0.224020E+00   0.187782E+10
   0.291561E-04   0.224362E+00   0.187201E+10
   0.292646E-04   0.224705E+00   0.186622E+10
   0.293736E-04   0.225049E+00   0.186044E+10
   0.294830E-04   0.225394E+00   0.185467E+10
   0.295929E-04   0.225740E+00   0.184891E+10
   0.297033E-04   0.226087E+00   0.184316E+10
   0.298141E-04   0.226435E+00   0.183742E+10
   0.299254E-04   0.226784E+00   0.183169E+10
   0.300371E-04   0.227134E+00   0.182597E+10
   0.301493E-04   0.227485E+00   0.182026E+10
   0.302620E-04   0.227838E+00   0.181456E+10
   0.303752E-04   0.228191E+00   0.180887E+10
   0.304888E-04   0.228545E+00   0.180319E+10
   0.306029E-04   0.228901E+00   0.179753E+10
   0.307174E-04   0.229257E+00   0.179187E+10
   0.308325E-04   0.229615E+00   0.178622E+10
   0.309480E-04   0.229973E+00   0.178059E+10
   0.310640E-04   0.230333E+00   0.177496E+10
   0.311805E-04   0.230694E+00   0.176935E+10
   0.312975E-04   0.231055E+00   0.176374E+10
   0.314150E-04   0.231418E+00   0.175815E+10
   0.315330E-04   0.231782E+00   0.175257E+10
   0.316514E-04   0.232147E+00   0.174699E+10
   0.317704E-04   0.232513E+00   0.174143E+10
   0.318899E-04   0.232881E+00   0.173588E+10
   0.320098E-04   0.233249E+00   0.173034E+10
   0.321303E-04   0.233619E+00   0.172481E+10
   0.322512E-04   0.233989E+00   0.171930E+10
   0.323727E-04   0.234361E+00   0.171379E+10
   0.324947E-04   0.234734E+00   0.170829E+10
   0.326172E-04   0.235107E+00   0.170281E+10
   0.327402E-04   0.235482E+00   0.169733E+10
   0.328637E-04   0.235859E+00   0.169187E+10
   0.329878E-04   0.236236E+00   0.168641E+10
   0.331124E-04   0.236614E+00   0.168097E+10
   0.332374E-04   0.236994E+00   0.167554E+10
   0.333631E-04   0.237374E+00   0.167012E+10
   0.334892E-04   0.237756E+00   0.166471E+10
   0.336159E-04   0.238139E+00   0.165931E+10
   0.337431E-04   0.238523E+00   0.165392E+10
   0.338709E-04   0.238909E+00   0.164855E+10
   0.339991E-04   0.239295E+00   0.164318E+10
   0.341280E-04   0.239683E+00   0.163783E+10
   0.342573E-04   0.240071E+00   0.163248E+10
   0.343873E-04   0.240461E+00   0.162715E+10
   0.345177E-04   0.240852E+00   0.162183E+10
   0.346487E-04   0.241245E+00   0.161652E+10
   0.347803E-04   0.241638E+00   0.161122E+10
   0.349124E-04   0.242033E+00   0.160593E+10
   0.350451E-04   0.242429E+00   0.160066E+10
   0.351784E-04   0.242826E+00   0.159539E+10
   0.353122E-04   0.243224E+00   0.159014E+10
   0.354465E-04   0.243623E+00   0.158489E+10
   0.355815E-04   0.244024E+00   0.157966E+10
   0.357170E-04   0.244426E+00   0.157444E+10
   0.358531E-04   0.244829E+00   0.156923E+10
   0.359897E-04   0.245233E+00   0.156403E+10
   0.361270E-04   0.245638E+00   0.155884E+10
   0.362648E-04   0.246045E+00   0.155367E+10
   0.364032E-04   0.246453E+00   0.154850E+10
   0.365422E-04   0.246862E+00   0.154335E+10
   0.366818E-04   0.247273E+00   0.153821E+10
   0.368219E-04   0.247684E+00   0.153308E+10
   0.369627E-04   0.248097E+00   0.152796E+10
   0.371041E-04   0.248511E+00   0.152285E+10
   0.372460E-04   0.248927E+00   0.151775E+10
   0.373886E-04   0.249343E+00   0.151267E+10
   0.375318E-04   0.249761E+00   0.150759E+10
   0.376755E-04   0.250180E+00   0.150253E+10
   0.378199E-04   0.250601E+00   0.149748E+10
   0.379649E-04   0.251022E+00   0.149244E+10
   0.381105E-04   0.251445E+00   0.148741E+10
   0.382568E-04   0.251870E+00   0.148239E+10
   0.384036E-04   0.252295E+00   0.147739E+10
   0.385511E-04   0.252722E+00   0.147239E+10
   0.386992E-04   0.253150E+00   0.146741E+10
   0.388480E-04   0.253580E+00   0.146244E+10
   0.389974E-04   0.254010E+00   0.145748E+10
   0.391474E-04   0.254443E+00   0.145253E+10
   0.392980E-04   0.254876E+00   0.144759E+10
   0.394493E-04   0.255311E+00   0.144266E+10
   0.396013E-04   0.255747E+00   0.143775E+10
   0.397538E-04   0.256184E+00   0.143285E+10
   0.399071E-04   0.256623E+00   0.142795E+10
   0.400610E-04   0.257063E+00   0.142307E+10
   0.402155E-04   0.257504E+00   0.141821E+10
   0.403707E-04   0.257947E+00   0.141335E+10
   0.405266E-04   0.258391E+00   0.140850E+10
   0.406831E-04   0.258836E+00   0.140367E+10
   0.408403E-04   0.259283E+00   0.139885E+10
   0.409982E-04   0.259731E+00   0.139404E+10
   0.411568E-04   0.260181E+00   0.138924E+10
   0.413160E-04   0.260631E+00   0.138445E+10
   0.414759E-04   0.261084E+00   0.137967E+10
   0.416365E-04   0.261537E+00   0.137491E+10
   0.417978E-04   0.261992E+00   0.137015E+10
   0.419597E-04   0.262449E+00   0.136541E+10
   0.421224E-04   0.262906E+00   0.136068E+10
   0.422858E-04   0.263366E+00   0.135596E+10
   0.424498E-04   0.263826E+00   0.135126E+10
   0.426146E-04   0.264288E+00   0.134656E+10
   0.427801E-04   0.264752E+00   0.134188E+10
   0.429462E-04   0.265217E+00   0.133720E+10
   0.431131E-04   0.265683E+00   0.133254E+10
   0.432807E-04   0.266151E+00   0.132789E+10
   0.434490E-04   0.266620E+00   0.132326E+10
   0.436181E-04   0.267090E+00   0.131863E+10
   0.437879E-04   0.267562E+00   0.131402E+10
   0.439584E-04   0.268036E+00   0.130941E+10
   0.441296E-04   0.268511E+00   0.130482E+10
   0.443016E-04   0.268987E+00   0.130024E+10
   0.444743E-04   0.269465E+00   0.129567E+10
   0.446477E-04   0.269944E+00   0.129112E+10
   0.448219E-04   0.270425E+00   0.128657E+10
   0.449969E-04   0.270907E+00   0.128204E+10
   0.451726E-04   0.271391E+00   0.127752E+10
   0.453490E-04   0.271876E+00   0.127300E+10
   0.455262E-04   0.272363E+00   0.126851E+10
   0.457042E-04   0.272851E+00   0.126402E+10
   0.458829E-04   0.273341E+00   0.125954E+10
   0.460624E-04   0.273833E+00   0.125508E+10
   0.462427E-04   0.274325E+00   0.125063E+10
   0.464238E-04   0.274820E+00   0.124618E+10
   0.466056E-04   0.275315E+00   0.124176E+10
   0.467883E-04   0.275813E+00   0.123734E+10
   0.469717E-04   0.276312E+00   0.123293E+10
   0.471559E-04   0.276812E+00   0.122854E+10
   0.473409E-04   0.277314E+00   0.122415E+10
   0.475267E-04   0.277818E+00   0.121978E+10
   0.477133E-04   0.278323E+00   0.121542E+10
   0.479007E-04   0.278830E+00   0.121107E+10
   0.480889E-04   0.279338E+00   0.120674E+10
   0.482779E-04   0.279848E+00   0.120241E+10
   0.484677E-04   0.280359E+00   0.119810E+10
   0.486584E-04   0.280872E+00   0.119379E+10
   0.488499E-04   0.281387E+00   0.118950E+10
   0.490422E-04   0.281903E+00   0.118522E+10
   0.492353E-04   0.282421E+00   0.118095E+10
   0.494293E-04   0.282940E+00   0.117670E+10
   0.496241E-04   0.283461E+00   0.117245E+10
   0.498198E-04   0.283984E+00   0.116822E+10
   0.500163E-04   0.284508E+00   0.116400E+10
   0.502137E-04   0.285034E+00   0.115979E+10
   0.504119E-04   0.285562E+00   0.115559E+10
   0.506110E-04   0.286091E+00   0.115140E+10
   0.508109E-04   0.286622E+00   0.114723E+10
   0.510117E-04   0.287154E+00   0.114306E+10
   0.512134E-04   0.287689E+00   0.113891E+10
   0.514159E-04   0.288224E+00   0.113477E+10
   0.516193E-04   0.288762E+00   0.113064E+10
   0.518237E-04   0.289301E+00   0.112652E+10
   0.520288E-04   0.289842E+00   0.112241E+10
   0.522349E-04   0.290385E+00   0.111831E+10
   0.524419E-04   0.290929E+00   0.111423E+10
   0.526498E-04   0.291475E+00   0.111016E+10
   0.528586E-04   0.292023E+00   0.110609E+10
   0.530683E-04   0.292572E+00   0.110204E+10
   0.532789E-04   0.293123E+00   0.109801E+10
   0.534904E-04   0.293676E+00   0.109398E+10
   0.537028E-04   0.294231E+00   0.108996E+10
   0.539162E-04   0.294787E+00   0.108596E+10
   0.541305E-04   0.295345E+00   0.108196E+10
   0.543457E-04   0.295905E+00   0.107798E+10
   0.545618E-04   0.296467E+00   0.107401E+10
   0.547789E-04   0.297030E+00   0.107005E+10
   0.549970E-04   0.297595E+00   0.106610E+10
   0.552159E-04   0.298162E+00   0.106217E+10
   0.554359E-04   0.298731E+00   0.105824E+10
   0.556568E-04   0.299302E+00   0.105433E+10
   0.558787E-04   0.299874E+00   0.105042E+10
   0.561015E-04   0.300448E+00   0.104653E+10
   0.563253E-04   0.301024E+00   0.104265E+10
   0.565501E-04   0.301602E+00   0.103878E+10
   0.567758E-04   0.302182E+00   0.103492E+10
   0.570026E-04   0.302763E+00   0.103108E+10
   0.572303E-04   0.303346E+00   0.102724E+10
   0.574590E-04   0.303931E+00   0.102342E+10
   0.576888E-04   0.304518E+00   0.101960E+10
   0.579195E-04   0.305107E+00   0.101580E+10
   0.581512E-04   0.305698E+00   0.101201E+10
   0.583840E-04   0.306291E+00   0.100823E+10
   0.586177E-04   0.306885E+00   0.100446E+10
   0.588525E-04   0.307482E+00   0.100071E+10
   0.590883E-04   0.308080E+00   0.996960E+09
   0.593252E-04   0.308680E+00   0.993225E+09
   0.595631E-04   0.309282E+00   0.989501E+09
   0.598020E-04   0.309886E+00   0.985788E+09
   0.600420E-04   0.310492E+00   0.982087E+09
   0.602830E-04   0.311100E+00   0.978396E+09
   0.605251E-04   0.311710E+00   0.974716E+09
   0.607682E-04   0.312322E+00   0.971047E+09
   0.610124E-04   0.312935E+00   0.967389E+09
   0.612577E-04   0.313551E+00   0.963743E+09
   0.615040E-04   0.314169E+00   0.960107E+09
   0.617514E-04   0.314788E+00   0.956482E+09
   0.619999E-04   0.315410E+00   0.952868E+09
   0.622495E-04   0.316033E+00   0.949265E+09
   0.625002E-04   0.316659E+00   0.945673E+09
   0.627520E-04   0.317287E+00   0.942092E+09
   0.630049E-04   0.317916E+00   0.938522E+09
   0.632589E-04   0.318548E+00   0.934963E+09
   0.635140E-04   0.319182E+00   0.931415E+09
   0.637703E-04   0.319817E+00   0.927877E+09
   0.640276E-04   0.320455E+00   0.924351E+09
   0.642861E-04   0.321095E+00   0.920835E+09
   0.645458E-04   0.321737E+00   0.917330E+09
   0.648065E-04   0.322381E+00   0.913836E+09
   0.650684E-04   0.323027E+00   0.910353E+09
   0.653315E-04   0.323675E+00   0.906880E+09
   0.655957E-04   0.324325E+00   0.903418E+09
   0.658611E-04   0.324977E+00   0.899967E+09
   0.661277E-04   0.325632E+00   0.896527E+09
   0.663954E-04   0.326288E+00   0.893097E+09
   0.666643E-04   0.326947E+00   0.889678E+09
   0.669344E-04   0.327608E+00   0.886270E+09
   0.672057E-04   0.328270E+00   0.882872E+09
   0.674782E-04   0.328935E+00   0.879485E+09
   0.677518E-04   0.329603E+00   0.876108E+09
   0.680267E-04   0.330272E+00   0.872742E+09
   0.683028E-04   0.330944E+00   0.869387E+09
   0.685801E-04   0.331617E+00   0.866042E+09
   0.688587E-04   0.332293E+00   0.862708E+09
   0.691384E-04   0.332971E+00   0.859385E+09
   0.694194E-04   0.333652E+00   0.856072E+09
   0.697017E-04   0.334334E+00   0.852769E+09
   0.699851E-04   0.335019E+00   0.849477E+09
   0.702699E-04   0.335706E+00   0.846196E+09
   0.705559E-04   0.336395E+00   0.842925E+09
   0.708431E-04   0.337087E+00   0.839665E+09
   0.711316E-04   0.337781E+00   0.836415E+09
   0.714214E-04   0.338477E+00   0.833176E+09
   0.717125E-04   0.339175E+00   0.829947E+09
   0.720048E-04   0.339875E+00   0.826728E+09
   0.722985E-04   0.340578E+00   0.823520E+09
   0.725934E-04   0.341283E+00   0.820322E+09
   0.728897E-04   0.341991E+00   0.817134E+09
   0.731873E-04   0.342701E+00   0.813956E+09
   0.734861E-04   0.343413E+00   0.810789E+09
   0.737864E-04   0.344127E+00   0.807631E+09
   0.740879E-04   0.344844E+00   0.804484E+09
   0.743908E-04   0.345563E+00   0.801347E+09
   0.746950E-04   0.346285E+00   0.798220E+09
   0.750005E-04   0.347009E+00   0.795103E+09
   0.753074E-04   0.347735E+00   0.791997E+09
   0.756157E-04   0.348464E+00   0.788900E+09
   0.759253E-04   0.349195E+00   0.785814E+09
   0.762363E-04   0.349928E+00   0.782737E+09
   0.765487E-04   0.350664E+00   0.779671E+09
   0.768625E-04   0.351403E+00   0.776615E+09
   0.771776E-04   0.352144E+00   0.773569E+09
   0.774942E-04   0.352887E+00   0.770534E+09
   0.778122E-04   0.353633E+00   0.767509E+09
   0.781315E-04   0.354381E+00   0.764494E+09
   0.784523E-04   0.355131E+00   0.761489E+09
   0.787745E-04   0.355885E+00   0.758494E+09
   0.790982E-04   0.356640E+00   0.755510E+09
   0.794233E-04   0.357398E+00   0.752535E+09
   0.797498E-04   0.358159E+00   0.749571E+09
   0.800778E-04   0.358922E+00   0.746616E+09
   0.804072E-04   0.359688E+00   0.743672E+09
   0.807381E-04   0.360456E+00   0.740737E+09
   0.810705E-04   0.361227E+00   0.737812E+09
   0.814043E-04   0.362001E+00   0.734896E+09
   0.817396E-04   0.362777E+00   0.731990E+09
   0.820765E-04   0.363555E+00   0.729093E+09
   0.824148E-04   0.364337E+00   0.726205E+09
   0.827546E-04   0.365120E+00   0.723327E+09
   0.830959E-04   0.365907E+00   0.720458E+09
   0.834388E-04   0.366696E+00   0.717598E+09
   0.837832E-04   0.367488E+00   0.714748E+09
   0.841291E-04   0.368282E+00   0.711907E+09
   0.844766E-04   0.369079E+00   0.709075E+09
   0.848256E-04   0.369879E+00   0.706253E+09
   0.851761E-04   0.370681E+00   0.703441E+09
   0.855282E-04   0.371486E+00   0.700638E+09
   0.858819E-04   0.372294E+00   0.697845E+09
   0.862372E-04   0.373105E+00   0.695062E+09
   0.865941E-04   0.373918E+00   0.692288E+09
   0.869525E-04   0.374734E+00   0.689525E+09
   0.873125E-04   0.375552E+00   0.686772E+09
   0.876742E-04   0.376374E+00   0.684029E+09
   0.880374E-04   0.377198E+00   0.681297E+09
   0.884023E-04   0.378025E+00   0.678574E+09
   0.887688E-04   0.378855E+00   0.675862E+09
   0.891370E-04   0.379688E+00   0.673159E+09
   0.895067E-04   0.380523E+00   0.670466E+09
   0.898782E-04   0.381361E+00   0.667783E+09
   0.902513E-04   0.382203E+00   0.665110E+09
   0.906260E-04   0.383047E+00   0.662446E+09
   0.910025E-04   0.383893E+00   0.659791E+09
   0.913806E-04   0.384743E+00   0.657144E+09
   0.917604E-04   0.385596E+00   0.654507E+09
   0.921419E-04   0.386451E+00   0.651877E+09
   0.925251E-04   0.387310E+00   0.649256E+09
   0.929101E-04   0.388171E+00   0.646643E+09
   0.932967E-04   0.389035E+00   0.644038E+09
   0.936851E-04   0.389903E+00   0.641441E+09
   0.940752E-04   0.390773E+00   0.638851E+09
   0.944671E-04   0.391646E+00   0.636269E+09
   0.948607E-04   0.392522E+00   0.633695E+09
   0.952561E-04   0.393401E+00   0.631129E+09
   0.956532E-04   0.394283E+00   0.628572E+09
   0.960522E-04   0.395169E+00   0.626022E+09
   0.964529E-04   0.396057E+00   0.623481E+09
   0.968554E-04   0.396948E+00   0.620950E+09
   0.972597E-04   0.397842E+00   0.618427E+09
   0.976658E-04   0.398739E+00   0.615914E+09
   0.980738E-04   0.399640E+00   0.613410E+09
   0.984835E-04   0.400543E+00   0.610917E+09
   0.988951E-04   0.401450E+00   0.608434E+09
   0.993086E-04   0.402360E+00   0.605962E+09
   0.997239E-04   0.403272E+00   0.603500E+09
   0.100141E-03   0.404188E+00   0.601049E+09
   0.100560E-03   0.405108E+00   0.598609E+09
   0.100981E-03   0.406030E+00   0.596180E+09
   0.101404E-03   0.406955E+00   0.593761E+09
   0.101828E-03   0.407884E+00   0.591353E+09
   0.102255E-03   0.408816E+00   0.588954E+09
   0.102684E-03   0.409751E+00   0.586566E+09
   0.103114E-03   0.410689E+00   0.584187E+09
   0.103546E-03   0.411631E+00   0.581817E+09
   0.103981E-03   0.412576E+00   0.579455E+09
   0.104417E-03   0.413524E+00   0.577102E+09
   0.104855E-03   0.414475E+00   0.574756E+09
   0.105295E-03   0.415430E+00   0.572417E+09
   0.105738E-03   0.416388E+00   0.570085E+09
   0.106182E-03   0.417350E+00   0.567759E+09
   0.106628E-03   0.418314E+00   0.565439E+09
   0.107076E-03   0.419282E+00   0.563124E+09
   0.107526E-03   0.420254E+00   0.560815E+09
   0.107979E-03   0.421229E+00   0.558512E+09
   0.108433E-03   0.422207E+00   0.556214E+09
   0.108889E-03   0.423189E+00   0.553921E+09
   0.109347E-03   0.424174E+00   0.551634E+09
   0.109808E-03   0.425163E+00   0.549352E+09
   0.110270E-03   0.426155E+00   0.547077E+09
   0.110735E-03   0.427150E+00   0.544808E+09
   0.111202E-03   0.428149E+00   0.542547E+09
   0.111670E-03   0.429152E+00   0.540293E+09
   0.112141E-03   0.430158E+00   0.538048E+09
   0.112614E-03   0.431167E+00   0.535811E+09
   0.113089E-03   0.432180E+00   0.533583E+09
   0.113567E-03   0.433197E+00   0.531365E+09
   0.114046E-03   0.434217E+00   0.529157E+09
   0.114528E-03   0.435240E+00   0.526960E+09
   0.115011E-03   0.436268E+00   0.524773E+09
   0.115497E-03   0.437299E+00   0.522599E+09
   0.115985E-03   0.438333E+00   0.520435E+09
   0.116476E-03   0.439371E+00   0.518283E+09
   0.116968E-03   0.440413E+00   0.516143E+09
   0.117463E-03   0.441458E+00   0.514014E+09
   0.117960E-03   0.442508E+00   0.511897E+09
   0.118459E-03   0.443560E+00   0.509791E+09
   0.118960E-03   0.444617E+00   0.507695E+09
   0.119464E-03   0.445677E+00   0.505610E+09
   0.119970E-03   0.446741E+00   0.503534E+09
   0.120478E-03   0.447809E+00   0.501468E+09
   0.120989E-03   0.448881E+00   0.499410E+09
   0.121502E-03   0.449956E+00   0.497360E+09
   0.122017E-03   0.451036E+00   0.495318E+09
   0.122534E-03   0.452119E+00   0.493283E+09
   0.123054E-03   0.453206E+00   0.491255E+09
   0.123576E-03   0.454296E+00   0.489232E+09
   0.124101E-03   0.455391E+00   0.487215E+09
   0.124627E-03   0.456490E+00   0.485204E+09
   0.125157E-03   0.457592E+00   0.483197E+09
   0.125688E-03   0.458699E+00   0.481195E+09
   0.126222E-03   0.459809E+00   0.479197E+09
   0.126759E-03   0.460924E+00   0.477204E+09
   0.127298E-03   0.462042E+00   0.475215E+09
   0.127839E-03   0.463165E+00   0.473231E+09
   0.128383E-03   0.464291E+00   0.471252E+09
   0.128929E-03   0.465422E+00   0.469277E+09
   0.129478E-03   0.466556E+00   0.467308E+09
   0.130029E-03   0.467695E+00   0.465345E+09
   0.130583E-03   0.468838E+00   0.463387E+09
   0.131139E-03   0.469985E+00   0.461436E+09
   0.131698E-03   0.471135E+00   0.459491E+09
   0.132259E-03   0.472290E+00   0.457553E+09
   0.132823E-03   0.473450E+00   0.455622E+09
   0.133389E-03   0.474613E+00   0.453699E+09
   0.133958E-03   0.475781E+00   0.451785E+09
   0.134529E-03   0.476952E+00   0.449878E+09
   0.135103E-03   0.478128E+00   0.447980E+09
   0.135680E-03   0.479308E+00   0.446090E+09
   0.136259E-03   0.480493E+00   0.444209E+09
   0.136841E-03   0.481682E+00   0.442337E+09
   0.137426E-03   0.482875E+00   0.440474E+09
   0.138013E-03   0.484072E+00   0.438619E+09
   0.138603E-03   0.485274E+00   0.436773E+09
   0.139195E-03   0.486480E+00   0.434936E+09
   0.139790E-03   0.487690E+00   0.433106E+09
   0.140388E-03   0.488905E+00   0.431286E+09
   0.140989E-03   0.490124E+00   0.429473E+09
   0.141592E-03   0.491348E+00   0.427667E+09
   0.142198E-03   0.492576E+00   0.425870E+09
   0.142807E-03   0.493808E+00   0.424079E+09
   0.143419E-03   0.495045E+00   0.422296E+09
   0.144033E-03   0.496287E+00   0.420519E+09
   0.144650E-03   0.497533E+00   0.418749E+09
   0.145270E-03   0.498783E+00   0.416985E+09
   0.145893E-03   0.500038E+00   0.415227E+09
   0.146518E-03   0.501298E+00   0.413475E+09
   0.147147E-03   0.502563E+00   0.411730E+09
   0.147778E-03   0.503832E+00   0.409990E+09
   0.148412E-03   0.505105E+00   0.408255E+09
   0.149049E-03   0.506383E+00   0.406527E+09
   0.149689E-03   0.507666E+00   0.404804E+09
   0.150332E-03   0.508954E+00   0.403087E+09
   0.150977E-03   0.510246E+00   0.401376E+09
   0.151626E-03   0.511544E+00   0.399670E+09
   0.152277E-03   0.512845E+00   0.397971E+09
   0.152932E-03   0.514152E+00   0.396278E+09
   0.153589E-03   0.515464E+00   0.394590E+09
   0.154250E-03   0.516780E+00   0.392909E+09
   0.154913E-03   0.518101E+00   0.391235E+09
   0.155580E-03   0.519427E+00   0.389567E+09
   0.156250E-03   0.520758E+00   0.387905E+09
   0.156922E-03   0.522094E+00   0.386250E+09
   0.157598E-03   0.523434E+00   0.384602E+09
   0.158276E-03   0.524780E+00   0.382961E+09
   0.158958E-03   0.526130E+00   0.381326E+09
   0.159643E-03   0.527486E+00   0.379699E+09
   0.160331E-03   0.528847E+00   0.378078E+09
   0.161022E-03   0.530212E+00   0.376464E+09
   0.161716E-03   0.531583E+00   0.374857E+09
   0.162414E-03   0.532959E+00   0.373256E+09
   0.163115E-03   0.534340E+00   0.371663E+09
   0.163818E-03   0.535726E+00   0.370076E+09
   0.164525E-03   0.537117E+00   0.368495E+09
   0.165235E-03   0.538513E+00   0.366922E+09
   0.165949E-03   0.539915E+00   0.365354E+09
   0.166666E-03   0.541321E+00   0.363793E+09
   0.167386E-03   0.542733E+00   0.362238E+09
   0.168109E-03   0.544150E+00   0.360690E+09
   0.168835E-03   0.545573E+00   0.359147E+09
   0.169565E-03   0.547001E+00   0.357611E+09
   0.170298E-03   0.548434E+00   0.356080E+09
   0.171035E-03   0.549872E+00   0.354555E+09
   0.171775E-03   0.551316E+00   0.353036E+09
   0.172518E-03   0.552765E+00   0.351523E+09
   0.173264E-03   0.554220E+00   0.350015E+09
   0.174014E-03   0.555680E+00   0.348513E+09
   0.174768E-03   0.557146E+00   0.347017E+09
   0.175525E-03   0.558617E+00   0.345526E+09
   0.176285E-03   0.560094E+00   0.344041E+09
   0.177049E-03   0.561576E+00   0.342561E+09
   0.177816E-03   0.563063E+00   0.341087E+09
   0.178586E-03   0.564557E+00   0.339619E+09
   0.179361E-03   0.566056E+00   0.338156E+09
   0.180138E-03   0.567560E+00   0.336699E+09
   0.180920E-03   0.569070E+00   0.335247E+09
   0.181705E-03   0.570586E+00   0.333801E+09
   0.182493E-03   0.572108E+00   0.332361E+09
   0.183285E-03   0.573635E+00   0.330926E+09
   0.184081E-03   0.575168E+00   0.329498E+09
   0.184880E-03   0.576707E+00   0.328074E+09
   0.185683E-03   0.578252E+00   0.326657E+09
   0.186490E-03   0.579802E+00   0.325246E+09
   0.187300E-03   0.581359E+00   0.323840E+09
   0.188114E-03   0.582921E+00   0.322440E+09
   0.188932E-03   0.584489E+00   0.321045E+09
   0.189753E-03   0.586064E+00   0.319656E+09
   0.190578E-03   0.587644E+00   0.318273E+09
   0.191407E-03   0.589230E+00   0.316896E+09
   0.192240E-03   0.590822E+00   0.315524E+09
   0.193076E-03   0.592420E+00   0.314158E+09
   0.193917E-03   0.594024E+00   0.312798E+09
   0.194761E-03   0.595635E+00   0.311443E+09
   0.195609E-03   0.597251E+00   0.310094E+09
   0.196461E-03   0.598874E+00   0.308750E+09
   0.197317E-03   0.600503E+00   0.307411E+09
   0.198176E-03   0.602138E+00   0.306078E+09
   0.199040E-03   0.603779E+00   0.304750E+09
   0.199907E-03   0.605426E+00   0.303428E+09
   0.200778E-03   0.607079E+00   0.302112E+09
   0.201653E-03   0.608738E+00   0.300801E+09
   0.202532E-03   0.610402E+00   0.299496E+09
   0.203414E-03   0.612073E+00   0.298196E+09
   0.204300E-03   0.613749E+00   0.296902E+09
   0.205189E-03   0.615431E+00   0.295614E+09
   0.206083E-03   0.617119E+00   0.294331E+09
   0.206980E-03   0.618813E+00   0.293053E+09
   0.207881E-03   0.620512E+00   0.291781E+09
   0.208786E-03   0.622218E+00   0.290515E+09
   0.209695E-03   0.623930E+00   0.289253E+09
   0.210607E-03   0.625647E+00   0.287998E+09
   0.211523E-03   0.627371E+00   0.286747E+09
   0.212444E-03   0.629100E+00   0.285502E+09
   0.213368E-03   0.630836E+00   0.284262E+09
   0.214296E-03   0.632578E+00   0.283028E+09
   0.215228E-03   0.634326E+00   0.281799E+09
   0.216164E-03   0.636080E+00   0.280575E+09
   0.217103E-03   0.637841E+00   0.279356E+09
   0.218047E-03   0.639607E+00   0.278143E+09
   0.218995E-03   0.641380E+00   0.276935E+09
   0.219947E-03   0.643159E+00   0.275732E+09
   0.220903E-03   0.644944E+00   0.274535E+09
   0.221863E-03   0.646735E+00   0.273342E+09
   0.222827E-03   0.648533E+00   0.272155E+09
   0.223795E-03   0.650337E+00   0.270973E+09
   0.224767E-03   0.652148E+00   0.269796E+09
   0.225743E-03   0.653965E+00   0.268625E+09
   0.226723E-03   0.655788E+00   0.267458E+09
   0.227708E-03   0.657618E+00   0.266297E+09
   0.228696E-03   0.659455E+00   0.265140E+09
   0.229689E-03   0.661297E+00   0.263989E+09
   0.230686E-03   0.663147E+00   0.262843E+09
   0.231688E-03   0.665003E+00   0.261701E+09
   0.232693E-03   0.666865E+00   0.260565E+09
   0.233703E-03   0.668734E+00   0.259433E+09
   0.234717E-03   0.670610E+00   0.258307E+09
   0.235735E-03   0.672493E+00   0.257185E+09
   0.236758E-03   0.674382E+00   0.256068E+09
   0.237785E-03   0.676278E+00   0.254956E+09
   0.238816E-03   0.678180E+00   0.253849E+09
   0.239851E-03   0.680090E+00   0.252747E+09
   0.240891E-03   0.682006E+00   0.251649E+09
   0.241936E-03   0.683929E+00   0.250557E+09
   0.242985E-03   0.685859E+00   0.249468E+09
   0.244038E-03   0.687796E+00   0.248385E+09
   0.245096E-03   0.689739E+00   0.247306E+09
   0.246158E-03   0.691690E+00   0.246232E+09
   0.247224E-03   0.693648E+00   0.245162E+09
   0.248296E-03   0.695612E+00   0.244097E+09
   0.249371E-03   0.697584E+00   0.243037E+09
   0.250452E-03   0.699563E+00   0.241981E+09
   0.251536E-03   0.701549E+00   0.240930E+09
   0.252626E-03   0.703542E+00   0.239883E+09
   0.253720E-03   0.705542E+00   0.238841E+09
   0.254819E-03   0.707550E+00   0.237803E+09
   0.255922E-03   0.709564E+00   0.236769E+09
   0.257030E-03   0.711586E+00   0.235740E+09
   0.258143E-03   0.713615E+00   0.234716E+09
   0.259260E-03   0.715652E+00   0.233696E+09
   0.260382E-03   0.717695E+00   0.232680E+09
   0.261509E-03   0.719747E+00   0.231668E+09
   0.262641E-03   0.721805E+00   0.230661E+09
   0.263777E-03   0.723871E+00   0.229659E+09
   0.264918E-03   0.725945E+00   0.228660E+09
   0.266064E-03   0.728026E+00   0.227666E+09
   0.267215E-03   0.730114E+00   0.226676E+09
   0.268371E-03   0.732210E+00   0.225691E+09
   0.269532E-03   0.734314E+00   0.224709E+09
   0.270698E-03   0.736426E+00   0.223732E+09
   0.271868E-03   0.738544E+00   0.222759E+09
   0.273044E-03   0.740671E+00   0.221790E+09
   0.274224E-03   0.742806E+00   0.220826E+09
   0.275410E-03   0.744948E+00   0.219865E+09
   0.276600E-03   0.747098E+00   0.218909E+09
   0.277796E-03   0.749256E+00   0.217957E+09
   0.278996E-03   0.751421E+00   0.217009E+09
   0.280202E-03   0.753595E+00   0.216065E+09
   0.281413E-03   0.755776E+00   0.215125E+09
   0.282629E-03   0.757966E+00   0.214189E+09
   0.283850E-03   0.760163E+00   0.213257E+09
   0.285077E-03   0.762368E+00   0.212329E+09
   0.286308E-03   0.764582E+00   0.211405E+09
   0.287545E-03   0.766804E+00   0.210486E+09
   0.288787E-03   0.769033E+00   0.209570E+09
   0.290034E-03   0.771271E+00   0.208658E+09
   0.291287E-03   0.773517E+00   0.207749E+09
   0.292545E-03   0.775772E+00   0.206845E+09
   0.293808E-03   0.778034E+00   0.205945E+09
   0.295076E-03   0.780305E+00   0.205048E+09
   0.296350E-03   0.782585E+00   0.204156E+09
   0.297630E-03   0.784872E+00   0.203267E+09
   0.298915E-03   0.787168E+00   0.202382E+09
   0.300205E-03   0.789473E+00   0.201500E+09
   0.301501E-03   0.791786E+00   0.200623E+09
   0.302802E-03   0.794107E+00   0.199749E+09
   0.304109E-03   0.796438E+00   0.198879E+09
   0.305421E-03   0.798776E+00   0.198013E+09
   0.306739E-03   0.801124E+00   0.197150E+09
   0.308062E-03   0.803480E+00   0.196291E+09
   0.309392E-03   0.805844E+00   0.195436E+09
   0.310726E-03   0.808218E+00   0.194584E+09
   0.312067E-03   0.810600E+00   0.193736E+09
   0.313413E-03   0.812991E+00   0.192892E+09
   0.314765E-03   0.815391E+00   0.192051E+09
   0.316123E-03   0.817800E+00   0.191214E+09
   0.317486E-03   0.820218E+00   0.190380E+09
   0.318855E-03   0.822645E+00   0.189550E+09
   0.320230E-03   0.825081E+00   0.188724E+09
   0.321611E-03   0.827525E+00   0.187901E+09
   0.322998E-03   0.829979E+00   0.187081E+09
   0.324391E-03   0.832443E+00   0.186265E+09
   0.325789E-03   0.834915E+00   0.185453E+09
   0.327194E-03   0.837396E+00   0.184644E+09
   0.328605E-03   0.839887E+00   0.183838E+09
   0.330021E-03   0.842387E+00   0.183036E+09
   0.331444E-03   0.844897E+00   0.182237E+09
   0.332872E-03   0.847415E+00   0.181442E+09
   0.334307E-03   0.849944E+00   0.180650E+09
   0.335748E-03   0.852481E+00   0.179861E+09
   0.337195E-03   0.855028E+00   0.179076E+09
   0.338648E-03   0.857585E+00   0.178294E+09
   0.340108E-03   0.860151E+00   0.177515E+09
   0.341573E-03   0.862727E+00   0.176740E+09
   0.343045E-03   0.865313E+00   0.175968E+09
   0.344523E-03   0.867908E+00   0.175199E+09
   0.346008E-03   0.870513E+00   0.174434E+09
   0.347499E-03   0.873128E+00   0.173672E+09
   0.348996E-03   0.875753E+00   0.172913E+09
   0.350499E-03   0.878388E+00   0.172157E+09
   0.352009E-03   0.881032E+00   0.171405E+09
   0.353526E-03   0.883687E+00   0.170656E+09
   0.355049E-03   0.886351E+00   0.169909E+09
   0.356578E-03   0.889026E+00   0.169167E+09
   0.358114E-03   0.891710E+00   0.168427E+09
   0.359657E-03   0.894405E+00   0.167690E+09
   0.361206E-03   0.897110E+00   0.166957E+09
   0.362762E-03   0.899825E+00   0.166226E+09
   0.364324E-03   0.902551E+00   0.165499E+09
   0.365893E-03   0.905287E+00   0.164775E+09
   0.367469E-03   0.908033E+00   0.164054E+09
   0.369051E-03   0.910790E+00   0.163336E+09
   0.370641E-03   0.913557E+00   0.162621E+09
   0.372237E-03   0.916335E+00   0.161909E+09
   0.373840E-03   0.919123E+00   0.161200E+09
   0.375450E-03   0.921922E+00   0.160494E+09
   0.377066E-03   0.924731E+00   0.159791E+09
   0.378690E-03   0.927551E+00   0.159091E+09
   0.380321E-03   0.930382E+00   0.158394E+09
   0.381958E-03   0.933224E+00   0.157700E+09
   0.383603E-03   0.936076E+00   0.157009E+09
   0.385255E-03   0.938940E+00   0.156321E+09
   0.386913E-03   0.941814E+00   0.155636E+09
   0.388579E-03   0.944700E+00   0.154953E+09
   0.390252E-03   0.947596E+00   0.154274E+09
   0.391932E-03   0.950504E+00   0.153597E+09
   0.393620E-03   0.953422E+00   0.152924E+09
   0.395314E-03   0.956352E+00   0.152253E+09
   0.397016E-03   0.959293E+00   0.151585E+09
   0.398726E-03   0.962245E+00   0.150920E+09
   0.400442E-03   0.965209E+00   0.150257E+09
   0.402166E-03   0.968184E+00   0.149598E+09
   0.403897E-03   0.971171E+00   0.148941E+09
   0.405636E-03   0.974169E+00   0.148287E+09
   0.407382E-03   0.977178E+00   0.147636E+09
   0.409136E-03   0.980199E+00   0.146987E+09
   0.410897E-03   0.983232E+00   0.146341E+09
   0.412666E-03   0.986277E+00   0.145698E+09
   0.414443E-03   0.989333E+00   0.145058E+09
   0.416227E-03   0.992401E+00   0.144420E+09
   0.418019E-03   0.995481E+00   0.143785E+09
   0.419818E-03   0.998572E+00   0.143153E+09
   0.421626E-03   0.100168E+01   0.142524E+09
   0.423441E-03   0.100479E+01   0.141897E+09
   0.425264E-03   0.100792E+01   0.141272E+09
   0.427094E-03   0.101106E+01   0.140651E+09
   0.428933E-03   0.101421E+01   0.140032E+09
   0.430779E-03   0.101738E+01   0.139415E+09
   0.432634E-03   0.102055E+01   0.138802E+09
   0.434496E-03   0.102374E+01   0.138190E+09
   0.436367E-03   0.102694E+01   0.137582E+09
   0.438246E-03   0.103016E+01   0.136976E+09
   0.440132E-03   0.103338E+01   0.136372E+09
   0.442027E-03   0.103662E+01   0.135771E+09
   0.443930E-03   0.103987E+01   0.135173E+09
   0.445841E-03   0.104314E+01   0.134577E+09
   0.447761E-03   0.104641E+01   0.133984E+09
   0.449689E-03   0.104970E+01   0.133393E+09
   0.451625E-03   0.105301E+01   0.132805E+09
   0.453569E-03   0.105632E+01   0.132219E+09
   0.455522E-03   0.105965E+01   0.131635E+09
   0.457484E-03   0.106299E+01   0.131055E+09
   0.459453E-03   0.106635E+01   0.130476E+09
   0.461432E-03   0.106971E+01   0.129900E+09
   0.463419E-03   0.107310E+01   0.129326E+09
   0.465414E-03   0.107649E+01   0.128755E+09
   0.467418E-03   0.107990E+01   0.128187E+09
   0.469431E-03   0.108332E+01   0.127620E+09
   0.471453E-03   0.108675E+01   0.127056E+09
   0.473483E-03   0.109020E+01   0.126495E+09
   0.475522E-03   0.109366E+01   0.125936E+09
   0.477570E-03   0.109714E+01   0.125379E+09
   0.479627E-03   0.110063E+01   0.124824E+09
   0.481692E-03   0.110413E+01   0.124272E+09
   0.483767E-03   0.110764E+01   0.123722E+09
   0.485851E-03   0.111117E+01   0.123175E+09
   0.487943E-03   0.111472E+01   0.122630E+09
   0.490045E-03   0.111828E+01   0.122087E+09
   0.492156E-03   0.112185E+01   0.121546E+09
   0.494276E-03   0.112543E+01   0.121008E+09
   0.496405E-03   0.112904E+01   0.120472E+09
   0.498544E-03   0.113265E+01   0.119938E+09
   0.500692E-03   0.113628E+01   0.119407E+09
   0.502849E-03   0.113992E+01   0.118877E+09
   0.505016E-03   0.114358E+01   0.118350E+09
   0.507191E-03   0.114725E+01   0.117825E+09
   0.509377E-03   0.115094E+01   0.117303E+09
   0.511572E-03   0.115464E+01   0.116782E+09
   0.513776E-03   0.115836E+01   0.116264E+09
   0.515990E-03   0.116209E+01   0.115748E+09
   0.518214E-03   0.116584E+01   0.115234E+09
   0.520447E-03   0.116960E+01   0.114723E+09
   0.522691E-03   0.117337E+01   0.114213E+09
   0.524943E-03   0.117716E+01   0.113706E+09
   0.527206E-03   0.118097E+01   0.113201E+09
   0.529479E-03   0.118479E+01   0.112698E+09
   0.531761E-03   0.118863E+01   0.112197E+09
   0.534054E-03   0.119248E+01   0.111698E+09
   0.536356E-03   0.119635E+01   0.111201E+09
   0.538669E-03   0.120023E+01   0.110706E+09
   0.540991E-03   0.120413E+01   0.110214E+09
   0.543324E-03   0.120804E+01   0.109723E+09
   0.545667E-03   0.121197E+01   0.109235E+09
   0.548020E-03   0.121592E+01   0.108748E+09
   0.550383E-03   0.121988E+01   0.108264E+09
   0.552757E-03   0.122386E+01   0.107782E+09
   0.555141E-03   0.122785E+01   0.107301E+09
   0.557536E-03   0.123186E+01   0.106823E+09
   0.559941E-03   0.123588E+01   0.106347E+09
   0.562356E-03   0.123993E+01   0.105873E+09
   0.564782E-03   0.124398E+01   0.105401E+09
   0.567219E-03   0.124806E+01   0.104930E+09
   0.569666E-03   0.125215E+01   0.104462E+09
   0.572124E-03   0.125626E+01   0.103996E+09
   0.574593E-03   0.126038E+01   0.103532E+09
   0.577073E-03   0.126452E+01   0.103069E+09
   0.579563E-03   0.126868E+01   0.102609E+09
   0.582065E-03   0.127285E+01   0.102151E+09
   0.584577E-03   0.127704E+01   0.101694E+09
   0.587101E-03   0.128125E+01   0.101239E+09
   0.589635E-03   0.128548E+01   0.100787E+09
   0.592181E-03   0.128972E+01   0.100336E+09
   0.594738E-03   0.129398E+01   0.998872E+08
   0.597306E-03   0.129825E+01   0.994403E+08
   0.599885E-03   0.130255E+01   0.989952E+08
   0.602475E-03   0.130686E+01   0.985521E+08
   0.605077E-03   0.131119E+01   0.981108E+08
   0.607691E-03   0.131554E+01   0.976713E+08
   0.610316E-03   0.131990E+01   0.972337E+08
   0.612952E-03   0.132428E+01   0.967980E+08
   0.615600E-03   0.132868E+01   0.963641E+08
   0.618260E-03   0.133310E+01   0.959320E+08
   0.620931E-03   0.133754E+01   0.955018E+08
   0.623615E-03   0.134199E+01   0.950734E+08
   0.626310E-03   0.134646E+01   0.946468E+08
   0.629016E-03   0.135095E+01   0.942220E+08
   0.631735E-03   0.135546E+01   0.937990E+08
   0.634466E-03   0.135999E+01   0.933777E+08
   0.637209E-03   0.136453E+01   0.929583E+08
   0.639964E-03   0.136910E+01   0.925407E+08
   0.642731E-03   0.137368E+01   0.921248E+08
   0.645510E-03   0.137828E+01   0.917106E+08
   0.648301E-03   0.138291E+01   0.912982E+08
   0.651105E-03   0.138755E+01   0.908876E+08
   0.653921E-03   0.139220E+01   0.904787E+08
   0.656750E-03   0.139688E+01   0.900715E+08
   0.659591E-03   0.140158E+01   0.896661E+08
   0.662445E-03   0.140630E+01   0.892624E+08
   0.665311E-03   0.141103E+01   0.888604E+08
   0.668190E-03   0.141579E+01   0.884600E+08
   0.671082E-03   0.142056E+01   0.880614E+08
   0.673986E-03   0.142536E+01   0.876645E+08
   0.676903E-03   0.143017E+01   0.872692E+08
   0.679833E-03   0.143501E+01   0.868757E+08
   0.682777E-03   0.143986E+01   0.864838E+08
   0.685733E-03   0.144474E+01   0.860935E+08
   0.688702E-03   0.144963E+01   0.857049E+08
   0.691685E-03   0.145455E+01   0.853180E+08
   0.694680E-03   0.145948E+01   0.849327E+08
   0.697689E-03   0.146444E+01   0.845490E+08
   0.700711E-03   0.146941E+01   0.841670E+08
   0.703747E-03   0.147441E+01   0.837866E+08
   0.706796E-03   0.147943E+01   0.834078E+08
   0.709859E-03   0.148447E+01   0.830306E+08
   0.712935E-03   0.148952E+01   0.826550E+08
   0.716025E-03   0.149461E+01   0.822810E+08
   0.719129E-03   0.149971E+01   0.819086E+08
   0.722246E-03   0.150483E+01   0.815378E+08
   0.725377E-03   0.150997E+01   0.811685E+08
   0.728523E-03   0.151514E+01   0.808008E+08
   0.731682E-03   0.152033E+01   0.804347E+08
   0.734855E-03   0.152553E+01   0.800701E+08
   0.738042E-03   0.153076E+01   0.797071E+08
   0.741244E-03   0.153602E+01   0.793456E+08
   0.744459E-03   0.154129E+01   0.789857E+08
   0.747689E-03   0.154659E+01   0.786273E+08
   0.750934E-03   0.155191E+01   0.782704E+08
   0.754193E-03   0.155725E+01   0.779151E+08
   0.757466E-03   0.156261E+01   0.775612E+08
   0.760754E-03   0.156799E+01   0.772089E+08
   0.764057E-03   0.157340E+01   0.768580E+08
   0.767374E-03   0.157883E+01   0.765087E+08
   0.770706E-03   0.158429E+01   0.761608E+08
   0.774053E-03   0.158976E+01   0.758144E+08
   0.777415E-03   0.159526E+01   0.754695E+08
   0.780792E-03   0.160078E+01   0.751261E+08
   0.784184E-03   0.160633E+01   0.747841E+08
   0.787591E-03   0.161190E+01   0.744436E+08
   0.791014E-03   0.161749E+01   0.741045E+08
   0.794451E-03   0.162311E+01   0.737669E+08
   0.797904E-03   0.162874E+01   0.734307E+08
   0.801373E-03   0.163441E+01   0.730960E+08
   0.804857E-03   0.164009E+01   0.727627E+08
   0.808356E-03   0.164581E+01   0.724308E+08
   0.811871E-03   0.165154E+01   0.721003E+08
   0.815402E-03   0.165730E+01   0.717712E+08
   0.818949E-03   0.166308E+01   0.714436E+08
   0.822512E-03   0.166889E+01   0.711173E+08
   0.826090E-03   0.167472E+01   0.707924E+08
   0.829685E-03   0.168058E+01   0.704690E+08
   0.833295E-03   0.168646E+01   0.701469E+08
   0.836922E-03   0.169237E+01   0.698262E+08
   0.840565E-03   0.169830E+01   0.695068E+08
   0.844225E-03   0.170426E+01   0.691888E+08
   0.847901E-03   0.171024E+01   0.688722E+08
   0.851593E-03   0.171625E+01   0.685570E+08
   0.855302E-03   0.172228E+01   0.682430E+08
   0.859027E-03   0.172834E+01   0.679305E+08
   0.862770E-03   0.173443E+01   0.676192E+08
   0.866529E-03   0.174054E+01   0.673094E+08
   0.870305E-03   0.174667E+01   0.670008E+08
   0.874098E-03   0.175283E+01   0.666935E+08
   0.877908E-03   0.175902E+01   0.663876E+08
   0.881735E-03   0.176524E+01   0.660830E+08
   0.885579E-03   0.177148E+01   0.657797E+08
   0.889441E-03   0.177775E+01   0.654777E+08
   0.893320E-03   0.178404E+01   0.651770E+08
   0.897216E-03   0.179036E+01   0.648775E+08
   0.901130E-03   0.179671E+01   0.645794E+08
   0.905062E-03   0.180309E+01   0.642826E+08
   0.909011E-03   0.180949E+01   0.639870E+08
   0.912978E-03   0.181592E+01   0.636927E+08
   0.916963E-03   0.182238E+01   0.633996E+08
   0.920966E-03   0.182887E+01   0.631079E+08
   0.924987E-03   0.183538E+01   0.628173E+08
   0.929026E-03   0.184192E+01   0.625281E+08
   0.933084E-03   0.184849E+01   0.622400E+08
   0.937159E-03   0.185509E+01   0.619532E+08
   0.941253E-03   0.186171E+01   0.616677E+08
   0.945366E-03   0.186837E+01   0.613834E+08
   0.949497E-03   0.187505E+01   0.611003E+08
   0.953647E-03   0.188176E+01   0.608184E+08
   0.957815E-03   0.188850E+01   0.605377E+08
   0.962003E-03   0.189527E+01   0.602583E+08
   0.966209E-03   0.190207E+01   0.599800E+08
   0.970434E-03   0.190890E+01   0.597030E+08
   0.974679E-03   0.191575E+01   0.594271E+08
   0.978942E-03   0.192264E+01   0.591524E+08
   0.983225E-03   0.192956E+01   0.588790E+08
   0.987527E-03   0.193650E+01   0.586067E+08
   0.991849E-03   0.194348E+01   0.583356E+08
   0.996190E-03   0.195049E+01   0.580656E+08
   0.100055E-02   0.195752E+01   0.577968E+08
   0.100493E-02   0.196459E+01   0.575292E+08
   0.100933E-02   0.197169E+01   0.572628E+08
   0.101375E-02   0.197881E+01   0.569975E+08
   0.101819E-02   0.198597E+01   0.567333E+08
   0.102265E-02   0.199316E+01   0.564703E+08
   0.102713E-02   0.200038E+01   0.562084E+08
   0.103164E-02   0.200764E+01   0.559477E+08
   0.103616E-02   0.201492E+01   0.556881E+08
   0.104070E-02   0.202223E+01   0.554296E+08
   0.104526E-02   0.202958E+01   0.551722E+08
   0.104985E-02   0.203696E+01   0.549160E+08
   0.105445E-02   0.204437E+01   0.546609E+08
   0.105908E-02   0.205181E+01   0.544069E+08
   0.106372E-02   0.205929E+01   0.541539E+08
   0.106839E-02   0.206680E+01   0.539021E+08
   0.107308E-02   0.207434E+01   0.536514E+08
   0.107779E-02   0.208191E+01   0.534018E+08
   0.108252E-02   0.208952E+01   0.531532E+08
   0.108727E-02   0.209716E+01   0.529057E+08
   0.109205E-02   0.210483E+01   0.526593E+08
   0.109684E-02   0.211254E+01   0.524140E+08
   0.110166E-02   0.212027E+01   0.521698E+08
   0.110650E-02   0.212805E+01   0.519266E+08
   0.111136E-02   0.213586E+01   0.516845E+08
   0.111625E-02   0.214370E+01   0.514434E+08
   0.112115E-02   0.215157E+01   0.512034E+08
   0.112608E-02   0.215948E+01   0.509644E+08
   0.113103E-02   0.216743E+01   0.507265E+08
   0.113601E-02   0.217541E+01   0.504896E+08
   0.114100E-02   0.218342E+01   0.502537E+08
   0.114602E-02   0.219147E+01   0.500189E+08
   0.115107E-02   0.219955E+01   0.497851E+08
   0.115613E-02   0.220767E+01   0.495523E+08
   0.116122E-02   0.221583E+01   0.493205E+08
   0.116633E-02   0.222402E+01   0.490898E+08
   0.117147E-02   0.223225E+01   0.488600E+08
   0.117663E-02   0.224051E+01   0.486313E+08
   0.118181E-02   0.224881E+01   0.484036E+08
   0.118701E-02   0.225715E+01   0.481768E+08
   0.119224E-02   0.226552E+01   0.479511E+08
   0.119750E-02   0.227393E+01   0.477264E+08
   0.120277E-02   0.228238E+01   0.475026E+08
   0.120808E-02   0.229086E+01   0.472798E+08
   0.121340E-02   0.229938E+01   0.470580E+08
   0.121875E-02   0.230794E+01   0.468372E+08
   0.122413E-02   0.231653E+01   0.466173E+08
   0.122953E-02   0.232517E+01   0.463984E+08
   0.123495E-02   0.233384E+01   0.461805E+08
   0.124040E-02   0.234255E+01   0.459635E+08
   0.124587E-02   0.235130E+01   0.457474E+08
   0.125137E-02   0.236008E+01   0.455324E+08
   0.125690E-02   0.236891E+01   0.453182E+08
   0.126245E-02   0.237778E+01   0.451051E+08
   0.126802E-02   0.238668E+01   0.448928E+08
   0.127362E-02   0.239562E+01   0.446815E+08
   0.127925E-02   0.240461E+01   0.444711E+08
   0.128490E-02   0.241363E+01   0.442616E+08
   0.129058E-02   0.242269E+01   0.440531E+08
   0.129628E-02   0.243179E+01   0.438455E+08
   0.130201E-02   0.244094E+01   0.436388E+08
   0.130777E-02   0.245012E+01   0.434330E+08
   0.131355E-02   0.245934E+01   0.432281E+08
   0.131936E-02   0.246861E+01   0.430242E+08
   0.132520E-02   0.247791E+01   0.428211E+08
   0.133106E-02   0.248726E+01   0.426189E+08
   0.133695E-02   0.249665E+01   0.424177E+08
   0.134287E-02   0.250608E+01   0.422173E+08
   0.134882E-02   0.251555E+01   0.420178E+08
   0.135479E-02   0.252507E+01   0.418192E+08
   0.136079E-02   0.253462E+01   0.416214E+08
   0.136681E-02   0.254422E+01   0.414246E+08
   0.137287E-02   0.255386E+01   0.412286E+08
   0.137895E-02   0.256355E+01   0.410334E+08
   0.138506E-02   0.257328E+01   0.408392E+08
   0.139120E-02   0.258305E+01   0.406458E+08
   0.139737E-02   0.259286E+01   0.404533E+08
   0.140357E-02   0.260272E+01   0.402616E+08
   0.140979E-02   0.261262E+01   0.400708E+08
   0.141604E-02   0.262257E+01   0.398808E+08
   0.142232E-02   0.263256E+01   0.396916E+08
   0.142863E-02   0.264260E+01   0.395033E+08
   0.143497E-02   0.265268E+01   0.393159E+08
   0.144134E-02   0.266280E+01   0.391293E+08
   0.144774E-02   0.267297E+01   0.389435E+08
   0.145417E-02   0.268319E+01   0.387585E+08
   0.146063E-02   0.269345E+01   0.385744E+08
   0.146712E-02   0.270376E+01   0.383910E+08
   0.147363E-02   0.271411E+01   0.382085E+08
   0.148018E-02   0.272451E+01   0.380269E+08
   0.148676E-02   0.273495E+01   0.378460E+08
   0.149337E-02   0.274545E+01   0.376659E+08
   0.150001E-02   0.275599E+01   0.374866E+08
   0.150668E-02   0.276657E+01   0.373082E+08
   0.151338E-02   0.277721E+01   0.371305E+08
   0.152011E-02   0.278789E+01   0.369536E+08
   0.152687E-02   0.279862E+01   0.367776E+08
   0.153366E-02   0.280940E+01   0.366023E+08
   0.154049E-02   0.282023E+01   0.364277E+08
   0.154735E-02   0.283110E+01   0.362540E+08
   0.155424E-02   0.284203E+01   0.360811E+08
   0.156116E-02   0.285300E+01   0.359089E+08
   0.156811E-02   0.286402E+01   0.357375E+08
   0.157509E-02   0.287509E+01   0.355668E+08
   0.158211E-02   0.288622E+01   0.353970E+08
   0.158916E-02   0.289739E+01   0.352279E+08
   0.159624E-02   0.290861E+01   0.350595E+08
   0.160336E-02   0.291988E+01   0.348919E+08
   0.161051E-02   0.293121E+01   0.347251E+08
   0.161769E-02   0.294258E+01   0.345590E+08
   0.162491E-02   0.295401E+01   0.343937E+08
   0.163215E-02   0.296548E+01   0.342291E+08
   0.163944E-02   0.297701E+01   0.340652E+08
   0.164675E-02   0.298859E+01   0.339021E+08
   0.165410E-02   0.300023E+01   0.337397E+08
   0.166149E-02   0.301191E+01   0.335780E+08
   0.166890E-02   0.302365E+01   0.334171E+08
   0.167636E-02   0.303544E+01   0.332569E+08
   0.168384E-02   0.304729E+01   0.330974E+08
   0.169137E-02   0.305919E+01   0.329387E+08
   0.169892E-02   0.307114E+01   0.327806E+08
   0.170652E-02   0.308314E+01   0.326233E+08
   0.171414E-02   0.309520E+01   0.324667E+08
   0.172181E-02   0.310732E+01   0.323108E+08
   0.172951E-02   0.311949E+01   0.321556E+08
   0.173724E-02   0.313171E+01   0.320011E+08
   0.174501E-02   0.314399E+01   0.318472E+08
   0.175282E-02   0.315633E+01   0.316941E+08
   0.176066E-02   0.316872E+01   0.315417E+08
   0.176854E-02   0.318117E+01   0.313900E+08
   0.177646E-02   0.319367E+01   0.312390E+08
   0.178441E-02   0.320624E+01   0.310886E+08
   0.179240E-02   0.321885E+01   0.309389E+08
   0.180043E-02   0.323153E+01   0.307899E+08
   0.180849E-02   0.324426E+01   0.306416E+08
   0.181660E-02   0.325705E+01   0.304940E+08
   0.182474E-02   0.326990E+01   0.303470E+08
   0.183292E-02   0.328281E+01   0.302007E+08
   0.184113E-02   0.329577E+01   0.300551E+08
   0.184939E-02   0.330880E+01   0.299101E+08
   0.185768E-02   0.332188E+01   0.297658E+08
   0.186601E-02   0.333503E+01   0.296221E+08
   0.187438E-02   0.334823E+01   0.294791E+08
   0.188279E-02   0.336149E+01   0.293368E+08
   0.189124E-02   0.337482E+01   0.291950E+08
   0.189973E-02   0.338820E+01   0.290540E+08
   0.190826E-02   0.340165E+01   0.289136E+08
   0.191683E-02   0.341515E+01   0.287738E+08
   0.192544E-02   0.342872E+01   0.286346E+08
   0.193409E-02   0.344235E+01   0.284961E+08
   0.194277E-02   0.345604E+01   0.283583E+08
   0.195150E-02   0.346980E+01   0.282210E+08
   0.196028E-02   0.348362E+01   0.280844E+08
   0.196909E-02   0.349750E+01   0.279484E+08
   0.197794E-02   0.351144E+01   0.278130E+08
   0.198683E-02   0.352545E+01   0.276783E+08
   0.199577E-02   0.353952E+01   0.275442E+08
   0.200475E-02   0.355366E+01   0.274106E+08
   0.201377E-02   0.356786E+01   0.272777E+08
   0.202283E-02   0.358212E+01   0.271454E+08
   0.203193E-02   0.359645E+01   0.270137E+08
   0.204108E-02   0.361085E+01   0.268827E+08
   0.205027E-02   0.362531E+01   0.267522E+08
   0.205950E-02   0.363984E+01   0.266223E+08
   0.206878E-02   0.365444E+01   0.264930E+08
   0.207810E-02   0.366910E+01   0.263643E+08
   0.208746E-02   0.368383E+01   0.262362E+08
   0.209687E-02   0.369862E+01   0.261087E+08
   0.210632E-02   0.371349E+01   0.259817E+08
   0.211582E-02   0.372842E+01   0.258554E+08
   0.212536E-02   0.374342E+01   0.257296E+08
   0.213494E-02   0.375849E+01   0.256044E+08
   0.214457E-02   0.377363E+01   0.254798E+08
   0.215424E-02   0.378884E+01   0.253558E+08
   0.216397E-02   0.380411E+01   0.252323E+08
   0.217373E-02   0.381946E+01   0.251094E+08
   0.218354E-02   0.383488E+01   0.249871E+08
   0.219340E-02   0.385037E+01   0.248653E+08
   0.220331E-02   0.386593E+01   0.247441E+08
   0.221326E-02   0.388156E+01   0.246235E+08
   0.222325E-02   0.389727E+01   0.245034E+08
   0.223330E-02   0.391305E+01   0.243839E+08
   0.224339E-02   0.392889E+01   0.242649E+08
   0.225353E-02   0.394482E+01   0.241465E+08
   0.226372E-02   0.396081E+01   0.240286E+08
   0.227395E-02   0.397688E+01   0.239113E+08
   0.228423E-02   0.399302E+01   0.237945E+08
   0.229456E-02   0.400924E+01   0.236782E+08
   0.230494E-02   0.402553E+01   0.235625E+08
   0.231537E-02   0.404190E+01   0.234473E+08
   0.232585E-02   0.405834E+01   0.233327E+08
   0.233638E-02   0.407486E+01   0.232186E+08
   0.234695E-02   0.409146E+01   0.231050E+08
   0.235758E-02   0.410813E+01   0.229919E+08
   0.236826E-02   0.412487E+01   0.228794E+08
   0.237898E-02   0.414170E+01   0.227674E+08
   0.238976E-02   0.415860E+01   0.226559E+08
   0.240059E-02   0.417558E+01   0.225450E+08
   0.241147E-02   0.419264E+01   0.224345E+08
   0.242240E-02   0.420978E+01   0.223246E+08
   0.243338E-02   0.422700E+01   0.222151E+08
   0.244441E-02   0.424430E+01   0.221062E+08
   0.245550E-02   0.426167E+01   0.219978E+08
   0.246664E-02   0.427913E+01   0.218899E+08
   0.247783E-02   0.429667E+01   0.217825E+08
   0.248907E-02   0.431429E+01   0.216756E+08
   0.250037E-02   0.433199E+01   0.215692E+08
   0.251172E-02   0.434977E+01   0.214633E+08
   0.252312E-02   0.436764E+01   0.213579E+08
   0.253458E-02   0.438559E+01   0.212530E+08
   0.254609E-02   0.440362E+01   0.211486E+08
   0.255765E-02   0.442173E+01   0.210446E+08
   0.256927E-02   0.443993E+01   0.209412E+08
   0.258095E-02   0.445821E+01   0.208382E+08
   0.259268E-02   0.447658E+01   0.207357E+08
   0.260446E-02   0.449503E+01   0.206337E+08
   0.261630E-02   0.451357E+01   0.205322E+08
   0.262820E-02   0.453220E+01   0.204311E+08
   0.264015E-02   0.455091E+01   0.203305E+08
   0.265216E-02   0.456970E+01   0.202304E+08
   0.266423E-02   0.458859E+01   0.201308E+08
   0.267635E-02   0.460756E+01   0.200316E+08
   0.268853E-02   0.462662E+01   0.199329E+08
   0.270077E-02   0.464577E+01   0.198347E+08
   0.271306E-02   0.466501E+01   0.197369E+08
   0.272542E-02   0.468434E+01   0.196395E+08
   0.273783E-02   0.470376E+01   0.195427E+08
   0.275030E-02   0.472326E+01   0.194463E+08
   0.276283E-02   0.474286E+01   0.193503E+08
   0.277542E-02   0.476255E+01   0.192548E+08
   0.278807E-02   0.478233E+01   0.191597E+08
   0.280078E-02   0.480221E+01   0.190651E+08
   0.281355E-02   0.482217E+01   0.189710E+08
   0.282638E-02   0.484223E+01   0.188772E+08
   0.283927E-02   0.486238E+01   0.187840E+08
   0.285222E-02   0.488263E+01   0.186911E+08
   0.286523E-02   0.490297E+01   0.185987E+08
   0.287831E-02   0.492341E+01   0.185067E+08
   0.289145E-02   0.494394E+01   0.184152E+08
   0.290464E-02   0.496456E+01   0.183241E+08
   0.291791E-02   0.498529E+01   0.182334E+08
   0.293123E-02   0.500611E+01   0.181432E+08
   0.294462E-02   0.502702E+01   0.180534E+08
   0.295807E-02   0.504804E+01   0.179640E+08
   0.297158E-02   0.506915E+01   0.178750E+08
   0.298516E-02   0.509036E+01   0.177865E+08
   0.299880E-02   0.511167E+01   0.176983E+08
   0.301251E-02   0.513308E+01   0.176106E+08
   0.302628E-02   0.515459E+01   0.175233E+08
   0.304012E-02   0.517620E+01   0.174365E+08
   0.305403E-02   0.519791E+01   0.173500E+08
   0.306800E-02   0.521972E+01   0.172639E+08
   0.308203E-02   0.524163E+01   0.171783E+08
   0.309614E-02   0.526365E+01   0.170930E+08
   0.311031E-02   0.528577E+01   0.170082E+08
   0.312454E-02   0.530799E+01   0.169237E+08
   0.313885E-02   0.533032E+01   0.168397E+08
   0.315322E-02   0.535275E+01   0.167561E+08
   0.316766E-02   0.537529E+01   0.166728E+08
   0.318217E-02   0.539793E+01   0.165900E+08
   0.319675E-02   0.542068E+01   0.165075E+08
   0.321140E-02   0.544353E+01   0.164255E+08
   0.322611E-02   0.546649E+01   0.163438E+08
   0.324090E-02   0.548956E+01   0.162625E+08
   0.325576E-02   0.551274E+01   0.161816E+08
   0.327069E-02   0.553603E+01   0.161011E+08
   0.328569E-02   0.555942E+01   0.160210E+08
   0.330076E-02   0.558293E+01   0.159412E+08
   0.331590E-02   0.560654E+01   0.158619E+08
   0.333111E-02   0.563027E+01   0.157829E+08
   0.334640E-02   0.565411E+01   0.157043E+08
   0.336176E-02   0.567805E+01   0.156260E+08
   0.337719E-02   0.570212E+01   0.155482E+08
   0.339270E-02   0.572629E+01   0.154707E+08
   0.340828E-02   0.575058E+01   0.153936E+08
   0.342393E-02   0.577498E+01   0.153168E+08
   0.343966E-02   0.579950E+01   0.152404E+08
   0.345547E-02   0.582413E+01   0.151644E+08
   0.347135E-02   0.584888E+01   0.150888E+08
   0.348730E-02   0.587374E+01   0.150135E+08
   0.350333E-02   0.589872E+01   0.149385E+08
   0.351944E-02   0.592382E+01   0.148640E+08
   0.353562E-02   0.594904E+01   0.147898E+08
   0.355188E-02   0.597437E+01   0.147159E+08
   0.356822E-02   0.599983E+01   0.146424E+08
   0.358464E-02   0.602540E+01   0.145692E+08
   0.360113E-02   0.605109E+01   0.144964E+08
   0.361771E-02   0.607691E+01   0.144240E+08
   0.363436E-02   0.610285E+01   0.143519E+08
   0.365109E-02   0.612891E+01   0.142801E+08
   0.366790E-02   0.615509E+01   0.142087E+08
   0.368479E-02   0.618139E+01   0.141376E+08
   0.370176E-02   0.620782E+01   0.140669E+08
   0.371882E-02   0.623437E+01   0.139965E+08
   0.373595E-02   0.626105E+01   0.139265E+08
   0.375317E-02   0.628786E+01   0.138568E+08
   0.377047E-02   0.631479E+01   0.137874E+08
   0.378785E-02   0.634185E+01   0.137183E+08
   0.380531E-02   0.636903E+01   0.136496E+08
   0.382286E-02   0.639635E+01   0.135812E+08
   0.384049E-02   0.642379E+01   0.135132E+08
   0.385821E-02   0.645136E+01   0.134455E+08
   0.387601E-02   0.647906E+01   0.133781E+08
   0.389389E-02   0.650690E+01   0.133110E+08
   0.391186E-02   0.653486E+01   0.132442E+08
   0.392992E-02   0.656296E+01   0.131778E+08
   0.394806E-02   0.659119E+01   0.131117E+08
   0.396629E-02   0.661955E+01   0.130459E+08
   0.398461E-02   0.664805E+01   0.129804E+08
   0.400302E-02   0.667668E+01   0.129153E+08
   0.402151E-02   0.670544E+01   0.128504E+08
   0.404009E-02   0.673435E+01   0.127859E+08
   0.405876E-02   0.676339E+01   0.127217E+08
   0.407752E-02   0.679256E+01   0.126578E+08
   0.409637E-02   0.682188E+01   0.125942E+08
   0.411531E-02   0.685133E+01   0.125309E+08
   0.413434E-02   0.688092E+01   0.124679E+08
   0.415346E-02   0.691066E+01   0.124053E+08
   0.417267E-02   0.694053E+01   0.123429E+08
   0.419197E-02   0.697055E+01   0.122808E+08
   0.421137E-02   0.700070E+01   0.122191E+08
   0.423086E-02   0.703100E+01   0.121576E+08
   0.425044E-02   0.706145E+01   0.120964E+08
   0.427012E-02   0.709203E+01   0.120356E+08
   0.428989E-02   0.712277E+01   0.119750E+08
   0.430975E-02   0.715364E+01   0.119147E+08
   0.432972E-02   0.718467E+01   0.118547E+08
   0.434977E-02   0.721584E+01   0.117950E+08
   0.436992E-02   0.724716E+01   0.117356E+08
   0.439017E-02   0.727863E+01   0.116765E+08
   0.441052E-02   0.731025E+01   0.116176E+08
   0.443096E-02   0.734201E+01   0.115591E+08
   0.445150E-02   0.737393E+01   0.115008E+08
   0.447214E-02   0.740600E+01   0.114428E+08
   0.449288E-02   0.743822E+01   0.113851E+08
   0.451372E-02   0.747060E+01   0.113277E+08
   0.453466E-02   0.750313E+01   0.112706E+08
   0.455570E-02   0.753581E+01   0.112137E+08
   0.457684E-02   0.756865E+01   0.111572E+08
   0.459808E-02   0.760164E+01   0.111009E+08
   0.461942E-02   0.763479E+01   0.110448E+08
   0.464087E-02   0.766810E+01   0.109891E+08
   0.466242E-02   0.770157E+01   0.109336E+08
   0.468407E-02   0.773519E+01   0.108784E+08
   0.470583E-02   0.776898E+01   0.108234E+08
   0.472769E-02   0.780292E+01   0.107687E+08
   0.474965E-02   0.783703E+01   0.107143E+08
   0.477172E-02   0.787130E+01   0.106602E+08
   0.479390E-02   0.790573E+01   0.106063E+08
   0.481618E-02   0.794033E+01   0.105527E+08
   0.483857E-02   0.797509E+01   0.104993E+08
   0.486107E-02   0.801002E+01   0.104462E+08
   0.488368E-02   0.804511E+01   0.103934E+08
   0.490639E-02   0.808037E+01   0.103408E+08
   0.492922E-02   0.811580E+01   0.102885E+08
   0.495215E-02   0.815139E+01   0.102365E+08
   0.497520E-02   0.818716E+01   0.101847E+08
   0.499835E-02   0.822310E+01   0.101331E+08
   0.502162E-02   0.825920E+01   0.100818E+08
   0.504499E-02   0.829548E+01   0.100308E+08
   0.506848E-02   0.833194E+01   0.997996E+07
   0.509209E-02   0.836856E+01   0.992941E+07
   0.511580E-02   0.840536E+01   0.987911E+07
   0.513964E-02   0.844234E+01   0.982905E+07
   0.516358E-02   0.847949E+01   0.977925E+07
   0.518764E-02   0.851682E+01   0.972968E+07
   0.521182E-02   0.855433E+01   0.968036E+07
   0.523611E-02   0.859202E+01   0.963129E+07
   0.526052E-02   0.862989E+01   0.958245E+07
   0.528505E-02   0.866793E+01   0.953385E+07
   0.530969E-02   0.870616E+01   0.948550E+07
   0.533446E-02   0.874457E+01   0.943738E+07
   0.535934E-02   0.878317E+01   0.938949E+07
   0.538434E-02   0.882195E+01   0.934185E+07
   0.540947E-02   0.886091E+01   0.929443E+07
   0.543471E-02   0.890006E+01   0.924726E+07
   0.546008E-02   0.893940E+01   0.920031E+07
   0.548557E-02   0.897893E+01   0.915359E+07
   0.551118E-02   0.901864E+01   0.910711E+07
   0.553691E-02   0.905855E+01   0.906085E+07
   0.556277E-02   0.909864E+01   0.901483E+07
   0.558875E-02   0.913893E+01   0.896903E+07
   0.561486E-02   0.917941E+01   0.892345E+07
   0.564110E-02   0.922008E+01   0.887810E+07
   0.566746E-02   0.926095E+01   0.883298E+07
   0.569395E-02   0.930201E+01   0.878808E+07
   0.572056E-02   0.934327E+01   0.874339E+07
   0.574731E-02   0.938473E+01   0.869893E+07
   0.577418E-02   0.942638E+01   0.865469E+07
   0.580118E-02   0.946824E+01   0.861067E+07
   0.582832E-02   0.951029E+01   0.856687E+07
   0.585558E-02   0.955255E+01   0.852328E+07
   0.588297E-02   0.959501E+01   0.847991E+07
   0.591050E-02   0.963767E+01   0.843675E+07
   0.593816E-02   0.968053E+01   0.839381E+07
   0.596596E-02   0.972361E+01   0.835108E+07
   0.599388E-02   0.976688E+01   0.830856E+07
   0.602195E-02   0.981037E+01   0.826626E+07
   0.605015E-02   0.985406E+01   0.822416E+07
   0.607848E-02   0.989797E+01   0.818227E+07
   0.610695E-02   0.994208E+01   0.814059E+07
   0.613556E-02   0.998640E+01   0.809911E+07
   0.614434E-02   0.999974E+01   0.808258E+07
   0.616431E-02   0.100309E+02   0.805784E+07
   0.619319E-02   0.100757E+02   0.801678E+07
   0.622222E-02   0.101207E+02   0.797592E+07
   0.625139E-02   0.101658E+02   0.793526E+07
   0.628069E-02   0.102112E+02   0.789481E+07
   0.631014E-02   0.102569E+02   0.785455E+07
   0.633973E-02   0.103027E+02   0.781450E+07
   0.636947E-02   0.103487E+02   0.777464E+07
   0.639934E-02   0.103950E+02   0.773499E+07
   0.642937E-02   0.104415E+02   0.769553E+07
   0.645953E-02   0.104882E+02   0.765627E+07
   0.648985E-02   0.105352E+02   0.761720E+07
   0.652031E-02   0.105824E+02   0.757833E+07
   0.655091E-02   0.106298E+02   0.753965E+07
   0.658167E-02   0.106774E+02   0.750116E+07
   0.661257E-02   0.107252E+02   0.746287E+07
   0.664362E-02   0.107733E+02   0.742476E+07
   0.667483E-02   0.108216E+02   0.738685E+07
   0.670618E-02   0.108702E+02   0.734913E+07
   0.673769E-02   0.109190E+02   0.731159E+07
   0.676935E-02   0.109680E+02   0.727424E+07
   0.680116E-02   0.110172E+02   0.723708E+07
   0.683312E-02   0.110667E+02   0.720010E+07
   0.686525E-02   0.111164E+02   0.716331E+07
   0.689752E-02   0.111664E+02   0.712670E+07
   0.692995E-02   0.112166E+02   0.709028E+07
   0.696254E-02   0.112671E+02   0.705404E+07
   0.699529E-02   0.113178E+02   0.701797E+07
   0.702820E-02   0.113687E+02   0.698209E+07
   0.706126E-02   0.114199E+02   0.694639E+07
   0.709449E-02   0.114713E+02   0.691087E+07
   0.712787E-02   0.115230E+02   0.687552E+07
   0.716142E-02   0.115749E+02   0.684036E+07
   0.719513E-02   0.116271E+02   0.680536E+07
   0.722901E-02   0.116795E+02   0.677055E+07
   0.726305E-02   0.117322E+02   0.673590E+07
   0.729725E-02   0.117851E+02   0.670144E+07
   0.733162E-02   0.118383E+02   0.666714E+07
   0.736615E-02   0.118917E+02   0.663302E+07
   0.740086E-02   0.119454E+02   0.659906E+07
   0.743573E-02   0.119994E+02   0.656528E+07
   0.747077E-02   0.120536E+02   0.653167E+07
   0.750598E-02   0.121081E+02   0.649823E+07
   0.754136E-02   0.121628E+02   0.646495E+07
   0.757691E-02   0.122178E+02   0.643184E+07
   0.761264E-02   0.122731E+02   0.639890E+07
   0.764854E-02   0.123286E+02   0.636612E+07
   0.768461E-02   0.123844E+02   0.633351E+07
   0.772086E-02   0.124405E+02   0.630106E+07
   0.775728E-02   0.124968E+02   0.626878E+07
   0.779388E-02   0.125535E+02   0.623665E+07
   0.783066E-02   0.126104E+02   0.620469E+07
   0.786762E-02   0.126675E+02   0.617289E+07
   0.790476E-02   0.127250E+02   0.614125E+07
   0.794207E-02   0.127827E+02   0.610977E+07
   0.797957E-02   0.128407E+02   0.607845E+07
   0.801725E-02   0.128989E+02   0.604729E+07
   0.805511E-02   0.129575E+02   0.601628E+07
   0.809316E-02   0.130163E+02   0.598543E+07
   0.813139E-02   0.130755E+02   0.595473E+07
   0.816981E-02   0.131349E+02   0.592419E+07
   0.820841E-02   0.131946E+02   0.589380E+07
   0.824720E-02   0.132546E+02   0.586357E+07
   0.828618E-02   0.133148E+02   0.583349E+07
   0.832535E-02   0.133754E+02   0.580356E+07
   0.836471E-02   0.134363E+02   0.577378E+07
   0.840426E-02   0.134974E+02   0.574415E+07
   0.844401E-02   0.135589E+02   0.571467E+07
   0.848394E-02   0.136206E+02   0.568534E+07
   0.852408E-02   0.136827E+02   0.565616E+07
   0.856440E-02   0.137450E+02   0.562712E+07
   0.860492E-02   0.138077E+02   0.559824E+07
   0.864564E-02   0.138706E+02   0.556949E+07
   0.868656E-02   0.139339E+02   0.554090E+07
   0.872768E-02   0.139974E+02   0.551244E+07
   0.876899E-02   0.140613E+02   0.548413E+07
   0.881051E-02   0.141255E+02   0.545597E+07
   0.885223E-02   0.141900E+02   0.542794E+07
   0.889415E-02   0.142548E+02   0.540006E+07
   0.893628E-02   0.143199E+02   0.537232E+07
   0.897861E-02   0.143853E+02   0.534472E+07
   0.902115E-02   0.144511E+02   0.531726E+07
   0.906389E-02   0.145172E+02   0.528993E+07
   0.910684E-02   0.145835E+02   0.526275E+07
   0.913703E-02   0.146302E+02   0.524380E+07
   0.913703E-02   0.146369E+02   0.524380E+07
   0.920952E-02   0.147489E+02   0.518908E+07
   0.997766E-02   0.159358E+02   0.466993E+07
   0.108310E-01   0.172537E+02   0.419866E+07
   0.117801E-01   0.187189E+02   0.377093E+07
   0.128368E-01   0.203498E+02   0.338288E+07
   0.140148E-01   0.221672E+02   0.303109E+07
   0.153297E-01   0.241953E+02   0.271249E+07
   0.167993E-01   0.264615E+02   0.242423E+07
   0.184442E-01   0.289973E+02   0.216368E+07
   0.202877E-01   0.318387E+02   0.192845E+07
   0.223568E-01   0.350272E+02   0.171633E+07
   0.246826E-01   0.386107E+02   0.152533E+07
   0.273007E-01   0.426440E+02   0.135358E+07
   0.302525E-01   0.471907E+02   0.119937E+07
